Insert 97
`- [97]
Insert 8
`- [8, 97]
Insert 114
`- [8, 97, 114]
Insert 89
`- [8, 89, 97, 114]
Insert 84
`- [89]
   |- [8, 84]
   `- [89, 97, 114]
Insert 104
`- [89]
   |- [8, 84]
   `- [89, 97, 104, 114]
Insert 62
`- [89]
   |- [8, 62, 84]
   `- [89, 97, 104, 114]
Insert 64
`- [89]
   |- [8, 62, 64, 84]
   `- [89, 97, 104, 114]
Insert 6
`- [62, 89]
   |- [6, 8]
   |- [62, 64, 84]
   `- [89, 97, 104, 114]
Insert 13
`- [62, 89]
   |- [6, 8, 13]
   |- [62, 64, 84]
   `- [89, 97, 104, 114]
Insert 116
`- [62, 89]
   |- [6, 8, 13]
   |- [62, 64, 84, 116]
   `- [89, 97, 104, 114]
Insert 37
`- [62, 89]
   |- [6, 8, 13, 37]
   |- [62, 64, 84, 116]
   `- [89, 97, 104, 114]
Insert 66
`- [66]
   |- [62, 64]
   `- [66, 84, 116]
Insert 71
`- [66]
   |- [62, 64]
   `- [66, 71, 84, 116]
Insert 15
`- [66]
   |- [15, 62, 64]
   `- [66, 71, 84, 116]
Insert 14
`- [66]
   |- [14, 15, 62, 64]
   `- [66, 71, 84, 116]
Insert 17
`- [17, 66]
   |- [14, 15]
   |- [17, 62, 64]
   `- [66, 71, 84, 116]
Insert 72
`- [17, 66]
   |- [14, 15]
   |- [17, 62, 64, 72]
   `- [66, 71, 84, 116]
Insert 45
`- [62]
   |- [17, 45]
   `- [62, 64, 72]
Insert 74
`- [62]
   |- [17, 45]
   `- [62, 64, 72, 74]
Insert 115
`- [62, 72]
   |- [17, 45]
   |- [62, 64]
   `- [72, 74, 115]
Insert 95
`- [62, 72]
   |- [17, 45]
   |- [62, 64]
   `- [72, 74, 95, 115]
Insert 119
`- [95]
   |- [72, 74]
   `- [95, 115, 119]
Insert 80
`- [95]
   |- [72, 74, 80]
   `- [95, 115, 119]
Insert 35
`- [95]
   |- [35, 72, 74, 80]
   `- [95, 115, 119]
Insert 88
`- [74, 95]
   |- [35, 72]
   |- [74, 80, 88]
   `- [95, 115, 119]
Insert 101
`- [74, 95]
   |- [35, 72]
   |- [74, 80, 88, 101]
   `- [95, 115, 119]
Insert 56
`- [74, 95]
   |- [35, 56, 72]
   |- [74, 80, 88, 101]
   `- [95, 115, 119]
Insert 0
`- [74, 95]
   |- [0, 35, 56, 72]
   |- [74, 80, 88, 101]
   `- [95, 115, 119]
Insert 82
`- [82]
   |- [74, 80]
   `- [82, 88, 101]
Insert 100
`- [82]
   |- [74, 80]
   `- [82, 88, 100, 101]
Insert 49
`- [82]
   |- [49, 74, 80]
   `- [82, 88, 100, 101]
Insert 58
`- [82]
   |- [49, 58, 74, 80]
   `- [82, 88, 100, 101]
Insert 103
`- [82, 100]
   |- [49, 58, 74, 80]
   |- [82, 88]
   `- [100, 101, 103]
Insert 40
`- [58, 82, 100]
   |- [40, 49]
   |- [58, 74, 80]
   |- [82, 88]
   `- [100, 101, 103]
Insert 54
`- [58, 82, 100]
   |- [40, 49, 54]
   |- [58, 74, 80]
   |- [82, 88]
   `- [100, 101, 103]
Insert 102
`- [58, 82, 100]
   |- [40, 49, 54]
   |- [58, 74, 80, 102]
   |- [82, 88]
   `- [100, 101, 103]
Insert 50
`- [58, 82, 100]
   |- [40, 49, 50, 54]
   |- [58, 74, 80, 102]
   |- [82, 88]
   `- [100, 101, 103]
Insert 93
`- [80]
   |- [58, 74]
   `- [80, 93, 102]
Insert 73
`- [80]
   |- [58, 73, 74]
   `- [80, 93, 102]
Insert 68
`- [80]
   |- [58, 68, 73, 74]
   `- [80, 93, 102]
Insert 26
`- [68, 80]
   |- [26, 58]
   |- [68, 73, 74]
   `- [80, 93, 102]
Insert 60
`- [68, 80]
   |- [26, 58, 60]
   |- [68, 73, 74]
   `- [80, 93, 102]
Insert 9
`- [68, 80]
   |- [9, 26, 58, 60]
   |- [68, 73, 74]
   `- [80, 93, 102]
Insert 51
`- [51, 68, 80]
   |- [9, 26]
   |- [51, 58, 60]
   |- [68, 73, 74]
   `- [80, 93, 102]
Insert 69
`- [51, 68, 80]
   |- [9, 26]
   |- [51, 58, 60, 69]
   |- [68, 73, 74]
   `- [80, 93, 102]
Insert 12
`- [51, 68, 80]
   |- [9, 12, 26]
   |- [51, 58, 60, 69]
   |- [68, 73, 74]
   `- [80, 93, 102]
Insert 61
`- [60]
   |- [51, 58]
   `- [60, 61, 69]
Insert 86
`- [60]
   |- [51, 58]
   `- [60, 61, 69, 86]
Insert 110
`- [60, 69]
   |- [51, 58]
   |- [60, 61]
   `- [69, 86, 110]
Insert 1
`- [60, 69]
   |- [1, 51, 58]
   |- [60, 61]
   `- [69, 86, 110]
Insert 47
`- [60, 69]
   |- [1, 47, 51, 58]
   |- [60, 61]
   `- [69, 86, 110]
Insert 44
`- [47, 60, 69]
   |- [1, 44]
   |- [47, 51, 58]
   |- [60, 61]
   `- [69, 86, 110]
Insert 94
`- [47, 60, 69]
   |- [1, 44]
   |- [47, 51, 58, 94]
   |- [60, 61]
   `- [69, 86, 110]
Insert 4
`- [47, 60, 69]
   |- [1, 4, 44]
   |- [47, 51, 58, 94]
   |- [60, 61]
   `- [69, 86, 110]
Insert 55
`- [55]
   |- [47, 51]
   `- [55, 58, 94]
Insert 19
`- [55]
   |- [19, 47, 51]
   `- [55, 58, 94]
Insert 57
`- [55]
   |- [19, 47, 51]
   `- [55, 57, 58, 94]
Insert 24
`- [55]
   |- [19, 24, 47, 51]
   `- [55, 57, 58, 94]
Insert 107
`- [55, 58]
   |- [19, 24, 47, 51]
   |- [55, 57]
   `- [58, 94, 107]
Insert 87
`- [55, 58]
   |- [19, 24, 47, 51]
   |- [55, 57]
   `- [58, 87, 94, 107]
Insert 41
`- [41, 55, 58]
   |- [19, 24]
   |- [41, 47, 51]
   |- [55, 57]
   `- [58, 87, 94, 107]
Insert 59
`- [41, 55, 58]
   |- [19, 24]
   |- [41, 47, 51, 59]
   |- [55, 57]
   `- [58, 87, 94, 107]
Insert 117
`- [51]
   |- [41, 47]
   `- [51, 59, 117]
Insert 106
`- [51]
   |- [41, 47]
   `- [51, 59, 106, 117]
Insert 3
`- [51]
   |- [3, 41, 47]
   `- [51, 59, 106, 117]
Insert 27
`- [51]
   |- [3, 27, 41, 47]
   `- [51, 59, 106, 117]
Insert 38
`- [38, 51]
   |- [3, 27]
   |- [38, 41, 47]
   `- [51, 59, 106, 117]
Insert 5
`- [38, 51]
   |- [3, 5, 27]
   |- [38, 41, 47]
   `- [51, 59, 106, 117]
Insert 31
`- [38, 51]
   |- [3, 5, 27, 31]
   |- [38, 41, 47]
   `- [51, 59, 106, 117]
Insert 91
`- [38, 51]
   |- [3, 5, 27, 31]
   |- [38, 41, 47, 91]
   `- [51, 59, 106, 117]
Insert 108
`- [47]
   |- [38, 41]
   `- [47, 91, 108]
Insert 75
`- [47]
   |- [38, 41]
   `- [47, 75, 91, 108]
Insert 42
`- [47]
   |- [38, 41, 42]
   `- [47, 75, 91, 108]
Insert 111
`- [47, 91]
   |- [38, 41, 42]
   |- [47, 75]
   `- [91, 108, 111]
Insert 33
`- [47, 91]
   |- [33, 38, 41, 42]
   |- [47, 75]
   `- [91, 108, 111]
Insert 105
`- [47, 91]
   |- [33, 38, 41, 42]
   |- [47, 75]
   `- [91, 105, 108, 111]
Insert 52
`- [47, 91]
   |- [33, 38, 41, 42]
   |- [47, 52, 75]
   `- [91, 105, 108, 111]
Insert 79
`- [47, 91]
   |- [33, 38, 41, 42]
   |- [47, 52, 75, 79]
   `- [91, 105, 108, 111]
Insert 22
`- [38, 47, 91]
   |- [22, 33]
   |- [38, 41, 42]
   |- [47, 52, 75, 79]
   `- [91, 105, 108, 111]
Insert 25
`- [38, 47, 91]
   |- [22, 25, 33]
   |- [38, 41, 42]
   |- [47, 52, 75, 79]
   `- [91, 105, 108, 111]
Insert 32
`- [38, 47, 91]
   |- [22, 25, 32, 33]
   |- [38, 41, 42]
   |- [47, 52, 75, 79]
   `- [91, 105, 108, 111]
Insert 53
`- [38, 47, 91]
   |- [22, 25, 32, 33]
   |- [38, 41, 42, 53]
   |- [47, 52, 75, 79]
   `- [91, 105, 108, 111]
Insert 43
`- [42]
   |- [38, 41]
   `- [42, 43, 53]
Insert 7
`- [42]
   |- [7, 38, 41]
   `- [42, 43, 53]
Insert 118
`- [42]
   |- [7, 38, 41]
   `- [42, 43, 53, 118]
Insert 65
`- [42, 53]
   |- [7, 38, 41]
   |- [42, 43]
   `- [53, 65, 118]
Insert 77
`- [42, 53]
   |- [7, 38, 41]
   |- [42, 43]
   `- [53, 65, 77, 118]
Insert 28
`- [42, 53]
   |- [7, 28, 38, 41]
   |- [42, 43]
   `- [53, 65, 77, 118]
Insert 63
`- [65]
   |- [53, 63]
   `- [65, 77, 118]
Insert 98
`- [65]
   |- [53, 63]
   `- [65, 77, 98, 118]
Insert 18
`- [65]
   |- [18, 53, 63]
   `- [65, 77, 98, 118]
Insert 29
`- [65]
   |- [18, 29, 53, 63]
   `- [65, 77, 98, 118]
Insert 2
`- [29, 65]
   |- [2, 18]
   |- [29, 53, 63]
   `- [65, 77, 98, 118]
Insert 23
`- [29, 65]
   |- [2, 18, 23]
   |- [29, 53, 63]
   `- [65, 77, 98, 118]
Insert 30
`- [29, 65]
   |- [2, 18, 23]
   |- [29, 30, 53, 63]
   `- [65, 77, 98, 118]
Insert 78
`- [53]
   |- [29, 30]
   `- [53, 63, 78]
Insert 90
`- [53]
   |- [29, 30]
   `- [53, 63, 78, 90]
Insert 70
`- [53, 70]
   |- [29, 30]
   |- [53, 63]
   `- [70, 78, 90]
Insert 96
`- [53, 70]
   |- [29, 30]
   |- [53, 63]
   `- [70, 78, 90, 96]
Insert 10
`- [53, 70]
   |- [10, 29, 30]
   |- [53, 63]
   `- [70, 78, 90, 96]
Insert 48
`- [53, 70]
   |- [10, 29, 30, 48]
   |- [53, 63]
   `- [70, 78, 90, 96]
Insert 67
`- [53, 70]
   |- [10, 29, 30, 48]
   |- [53, 63, 67]
   `- [70, 78, 90, 96]
Insert 99
`- [90]
   |- [70, 78]
   `- [90, 96, 99]
Insert 36
`- [90]
   |- [36, 70, 78]
   `- [90, 96, 99]
Insert 83
`- [90]
   |- [36, 70, 78, 83]
   `- [90, 96, 99]
Insert 112
`- [90]
   |- [36, 70, 78, 83]
   `- [90, 96, 99, 112]
Insert 81
`- [78, 90]
   |- [36, 70]
   |- [78, 81, 83]
   `- [90, 96, 99, 112]
Insert 109
`- [78, 90]
   |- [36, 70]
   |- [78, 81, 83, 109]
   `- [90, 96, 99, 112]
Insert 76
`- [78, 90]
   |- [36, 70, 76]
   |- [78, 81, 83, 109]
   `- [90, 96, 99, 112]
Insert 34
`- [78, 90]
   |- [34, 36, 70, 76]
   |- [78, 81, 83, 109]
   `- [90, 96, 99, 112]
Insert 39
`- [39, 78, 90]
   |- [34, 36]
   |- [39, 70, 76]
   |- [78, 81, 83, 109]
   `- [90, 96, 99, 112]
Insert 46
`- [39, 78, 90]
   |- [34, 36]
   |- [39, 46, 70, 76]
   |- [78, 81, 83, 109]
   `- [90, 96, 99, 112]
Insert 85
`- [70]
   |- [39, 46]
   `- [70, 76, 85]
Insert 11
`- [70]
   |- [11, 39, 46]
   `- [70, 76, 85]
Insert 21
`- [70]
   |- [11, 21, 39, 46]
   `- [70, 76, 85]
Insert 20
`- [21, 70]
   |- [11, 20]
   |- [21, 39, 46]
   `- [70, 76, 85]
Insert 113
`- [21, 70]
   |- [11, 20]
   |- [21, 39, 46, 113]
   `- [70, 76, 85]
Insert 16
`- [21, 70]
   |- [11, 16, 20]
   |- [21, 39, 46, 113]
   `- [70, 76, 85]
Insert 92
`- [46]
   |- [21, 39]
   `- [46, 92, 113]