Insert 50
`- [50]
Insert 138
`- [50, 138]
Insert 77
`- [50, 77, 138]
Insert 64
`- [50, 64, 77, 138]
Insert 40
`- [64]
   |- [40, 50]
   `- [64, 77, 138]
Insert 132
`- [64]
   |- [40, 50]
   `- [64, 77, 132, 138]
Insert 49
`- [64]
   |- [40, 49, 50]
   `- [64, 77, 132, 138]
Insert 112
`- [64, 112]
   |- [40, 49, 50]
   |- [64, 77]
   `- [112, 132, 138]
Insert 33
`- [64, 112]
   |- [33, 40, 49, 50]
   |- [64, 77]
   `- [112, 132, 138]
Insert 68
`- [64, 112]
   |- [33, 40, 49, 50]
   |- [64, 68, 77]
   `- [112, 132, 138]
Insert 22
`- [40, 64, 112]
   |- [22, 33]
   |- [40, 49, 50]
   |- [64, 68, 77]
   `- [112, 132, 138]
Insert 10
`- [40, 64, 112]
   |- [10, 22, 33]
   |- [40, 49, 50]
   |- [64, 68, 77]
   `- [112, 132, 138]
Insert 144
`- [40, 64, 112]
   |- [10, 22, 33]
   |- [40, 49, 50, 144]
   |- [64, 68, 77]
   `- [112, 132, 138]
Insert 19
`- [40, 64, 112]
   |- [10, 19, 22, 33]
   |- [40, 49, 50, 144]
   |- [64, 68, 77]
   `- [112, 132, 138]
Insert 102
`- [50]
   |- [40, 49]
   `- [50, 102, 144]
Insert 98
`- [50]
   |- [40, 49]
   `- [50, 98, 102, 144]
Insert 43
`- [50]
   |- [40, 43, 49]
   `- [50, 98, 102, 144]
Insert 8
`- [50]
   |- [8, 40, 43, 49]
   `- [50, 98, 102, 144]
Insert 93
`- [50, 98]
   |- [8, 40, 43, 49]
   |- [50, 93]
   `- [98, 102, 144]
Insert 55
`- [50, 98]
   |- [8, 40, 43, 49]
   |- [50, 55, 93]
   `- [98, 102, 144]
Insert 60
`- [50, 98]
   |- [8, 40, 43, 49]
   |- [50, 55, 60, 93]
   `- [98, 102, 144]
Insert 148
`- [50, 98]
   |- [8, 40, 43, 49]
   |- [50, 55, 60, 93]
   `- [98, 102, 144, 148]
Insert 106
`- [106]
   |- [98, 102]
   `- [106, 144, 148]
Insert 125
`- [106]
   |- [98, 102]
   `- [106, 125, 144, 148]
Insert 29
`- [106]
   |- [29, 98, 102]
   `- [106, 125, 144, 148]
Insert 13
`- [106]
   |- [13, 29, 98, 102]
   `- [106, 125, 144, 148]
Insert 79
`- [79, 106]
   |- [13, 29]
   |- [79, 98, 102]
   `- [106, 125, 144, 148]
Insert 124
`- [79, 106]
   |- [13, 29]
   |- [79, 98, 102, 124]
   `- [106, 125, 144, 148]
Insert 34
`- [79, 106]
   |- [13, 29, 34]
   |- [79, 98, 102, 124]
   `- [106, 125, 144, 148]
Insert 141
`- [102]
   |- [79, 98]
   `- [102, 124, 141]
Insert 53
`- [102]
   |- [53, 79, 98]
   `- [102, 124, 141]
Insert 105
`- [102]
   |- [53, 79, 98]
   `- [102, 105, 124, 141]
Insert 5
`- [102]
   |- [5, 53, 79, 98]
   `- [102, 105, 124, 141]
Insert 71
`- [71, 102]
   |- [5, 53]
   |- [71, 79, 98]
   `- [102, 105, 124, 141]
Insert 120
`- [71, 102]
   |- [5, 53]
   |- [71, 79, 98, 120]
   `- [102, 105, 124, 141]
Insert 47
`- [71, 102]
   |- [5, 47, 53]
   |- [71, 79, 98, 120]
   `- [102, 105, 124, 141]
Insert 26
`- [71, 102]
   |- [5, 26, 47, 53]
   |- [71, 79, 98, 120]
   `- [102, 105, 124, 141]
Insert 117
`- [98]
   |- [71, 79]
   `- [98, 117, 120]
Insert 90
`- [98]
   |- [71, 79, 90]
   `- [98, 117, 120]
Insert 111
`- [98]
   |- [71, 79, 90]
   `- [98, 111, 117, 120]
Insert 59
`- [98]
   |- [59, 71, 79, 90]
   `- [98, 111, 117, 120]
Insert 32
`- [71, 98]
   |- [32, 59]
   |- [71, 79, 90]
   `- [98, 111, 117, 120]
Insert 110
`- [71, 98]
   |- [32, 59]
   |- [71, 79, 90, 110]
   `- [98, 111, 117, 120]
Insert 129
`- [90]
   |- [71, 79]
   `- [90, 110, 129]
Insert 44
`- [90]
   |- [44, 71, 79]
   `- [90, 110, 129]
Insert 126
`- [90]
   |- [44, 71, 79]
   `- [90, 110, 126, 129]
Insert 70
`- [90]
   |- [44, 70, 71, 79]
   `- [90, 110, 126, 129]
Insert 85
`- [71, 90]
   |- [44, 70]
   |- [71, 79, 85]
   `- [90, 110, 126, 129]
Insert 75
`- [71, 90]
   |- [44, 70]
   |- [71, 75, 79, 85]
   `- [90, 110, 126, 129]
Insert 135
`- [79]
   |- [71, 75]
   `- [79, 85, 135]
Insert 97
`- [79]
   |- [71, 75]
   `- [79, 85, 97, 135]
Insert 25
`- [79]
   |- [25, 71, 75]
   `- [79, 85, 97, 135]
Insert 67
`- [79]
   |- [25, 67, 71, 75]
   `- [79, 85, 97, 135]
Insert 119
`- [79, 97]
   |- [25, 67, 71, 75]
   |- [79, 85]
   `- [97, 119, 135]
Insert 146
`- [79, 97]
   |- [25, 67, 71, 75]
   |- [79, 85]
   `- [97, 119, 135, 146]
Insert 37
`- [67, 79, 97]
   |- [25, 37]
   |- [67, 71, 75]
   |- [79, 85]
   `- [97, 119, 135, 146]
Insert 51
`- [67, 79, 97]
   |- [25, 37, 51]
   |- [67, 71, 75]
   |- [79, 85]
   `- [97, 119, 135, 146]
Insert 143
`- [67, 79, 97]
   |- [25, 37, 51]
   |- [67, 71, 75, 143]
   |- [79, 85]
   `- [97, 119, 135, 146]
Insert 31
`- [67, 79, 97]
   |- [25, 31, 37, 51]
   |- [67, 71, 75, 143]
   |- [79, 85]
   `- [97, 119, 135, 146]
Insert 114
`- [75]
   |- [67, 71]
   `- [75, 114, 143]
Insert 76
`- [75]
   |- [67, 71]
   `- [75, 76, 114, 143]
Insert 2
`- [75]
   |- [2, 67, 71]
   `- [75, 76, 114, 143]
Insert 54
`- [75]
   |- [2, 54, 67, 71]
   `- [75, 76, 114, 143]
Insert 65
`- [65, 75]
   |- [2, 54]
   |- [65, 67, 71]
   `- [75, 76, 114, 143]
Insert 17
`- [65, 75]
   |- [2, 17, 54]
   |- [65, 67, 71]
   `- [75, 76, 114, 143]
Insert 15
`- [65, 75]
   |- [2, 15, 17, 54]
   |- [65, 67, 71]
   `- [75, 76, 114, 143]
Insert 130
`- [65, 75]
   |- [2, 15, 17, 54]
   |- [65, 67, 71, 130]
   `- [75, 76, 114, 143]
Insert 139
`- [71]
   |- [65, 67]
   `- [71, 130, 139]
Insert 4
`- [71]
   |- [4, 65, 67]
   `- [71, 130, 139]
Insert 35
`- [71]
   |- [4, 35, 65, 67]
   `- [71, 130, 139]
Insert 20
`- [35, 71]
   |- [4, 20]
   |- [35, 65, 67]
   `- [71, 130, 139]
Insert 30
`- [35, 71]
   |- [4, 20, 30]
   |- [35, 65, 67]
   `- [71, 130, 139]
Insert 104
`- [35, 71]
   |- [4, 20, 30]
   |- [35, 65, 67, 104]
   `- [71, 130, 139]
Insert 99
`- [67]
   |- [35, 65]
   `- [67, 99, 104]
Insert 39
`- [67]
   |- [35, 39, 65]
   `- [67, 99, 104]
Insert 84
`- [67]
   |- [35, 39, 65]
   `- [67, 84, 99, 104]
Insert 145
`- [67, 99]
   |- [35, 39, 65]
   |- [67, 84]
   `- [99, 104, 145]
Insert 62
`- [67, 99]
   |- [35, 39, 62, 65]
   |- [67, 84]
   `- [99, 104, 145]
Insert 72
`- [67, 99]
   |- [35, 39, 62, 65]
   |- [67, 72, 84]
   `- [99, 104, 145]
Insert 94
`- [67, 99]
   |- [35, 39, 62, 65]
   |- [67, 72, 84, 94]
   `- [99, 104, 145]
Insert 92
`- [67, 84, 99]
   |- [35, 39, 62, 65]
   |- [67, 72]
   |- [84, 92, 94]
   `- [99, 104, 145]
Insert 45
`- [45, 67, 84, 99]
   |- [35, 39]
   |- [45, 62, 65]
   |- [67, 72]
   |- [84, 92, 94]
   `- [99, 104, 145]
Insert 16
`- [45, 67, 84, 99]
   |- [16, 35, 39]
   |- [45, 62, 65]
   |- [67, 72]
   |- [84, 92, 94]
   `- [99, 104, 145]
Insert 96
`- [45, 67, 84, 99]
   |- [16, 35, 39]
   |- [45, 62, 65, 96]
   |- [67, 72]
   |- [84, 92, 94]
   `- [99, 104, 145]
Insert 18
`- [45, 67, 84, 99]
   |- [16, 18, 35, 39]
   |- [45, 62, 65, 96]
   |- [67, 72]
   |- [84, 92, 94]
   `- [99, 104, 145]
Insert 66
`- [65]
   |- [45, 62]
   `- [65, 66, 96]
Insert 134
`- [65]
   |- [45, 62]
   `- [65, 66, 96, 134]
Insert 100
`- [65, 96]
   |- [45, 62]
   |- [65, 66]
   `- [96, 100, 134]
Insert 88
`- [65, 96]
   |- [45, 62]
   |- [65, 66, 88]
   `- [96, 100, 134]
Insert 0
`- [65, 96]
   |- [0, 45, 62]
   |- [65, 66, 88]
   `- [96, 100, 134]
Insert 24
`- [65, 96]
   |- [0, 24, 45, 62]
   |- [65, 66, 88]
   `- [96, 100, 134]
Insert 23
`- [24, 65, 96]
   |- [0, 23]
   |- [24, 45, 62]
   |- [65, 66, 88]
   `- [96, 100, 134]
Insert 28
`- [24, 65, 96]
   |- [0, 23]
   |- [24, 28, 45, 62]
   |- [65, 66, 88]
   `- [96, 100, 134]
Insert 149
`- [45]
   |- [24, 28]
   `- [45, 62, 149]
Insert 69
`- [45]
   |- [24, 28]
   `- [45, 62, 69, 149]
Insert 46
`- [45, 62]
   |- [24, 28]
   |- [45, 46]
   `- [62, 69, 149]
Insert 7
`- [45, 62]
   |- [7, 24, 28]
   |- [45, 46]
   `- [62, 69, 149]
Insert 127
`- [45, 62]
   |- [7, 24, 28]
   |- [45, 46]
   `- [62, 69, 127, 149]
Insert 133
`- [127]
   |- [62, 69]
   `- [127, 133, 149]
Insert 113
`- [127]
   |- [62, 69, 113]
   `- [127, 133, 149]
Insert 58
`- [127]
   |- [58, 62, 69, 113]
   `- [127, 133, 149]
Insert 116
`- [69, 127]
   |- [58, 62]
   |- [69, 113, 116]
   `- [127, 133, 149]
Insert 122
`- [69, 127]
   |- [58, 62]
   |- [69, 113, 116, 122]
   `- [127, 133, 149]
Insert 131
`- [116]
   |- [69, 113]
   `- [116, 122, 131]
Insert 78
`- [116]
   |- [69, 78, 113]
   `- [116, 122, 131]
Insert 128
`- [116]
   |- [69, 78, 113]
   `- [116, 122, 128, 131]
Insert 136
`- [116, 128]
   |- [69, 78, 113]
   |- [116, 122]
   `- [128, 131, 136]
Insert 147
`- [116, 128]
   |- [69, 78, 113]
   |- [116, 122]
   `- [128, 131, 136, 147]
Insert 56
`- [116, 128]
   |- [56, 69, 78, 113]
   |- [116, 122]
   `- [128, 131, 136, 147]
Insert 52
`- [69, 116, 128]
   |- [52, 56]
   |- [69, 78, 113]
   |- [116, 122]
   `- [128, 131, 136, 147]
Insert 36
`- [69, 116, 128]
   |- [36, 52, 56]
   |- [69, 78, 113]
   |- [116, 122]
   `- [128, 131, 136, 147]
Insert 137
`- [69, 116, 128]
   |- [36, 52, 56]
   |- [69, 78, 113, 137]
   |- [116, 122]
   `- [128, 131, 136, 147]
Insert 83
`- [83]
   |- [69, 78]
   `- [83, 113, 137]
Insert 115
`- [83]
   |- [69, 78]
   `- [83, 113, 115, 137]
Insert 80
`- [83]
   |- [69, 78, 80]
   `- [83, 113, 115, 137]
Insert 81
`- [83]
   |- [69, 78, 80, 81]
   `- [83, 113, 115, 137]
Insert 48
`- [78, 83]
   |- [48, 69]
   |- [78, 80, 81]
   `- [83, 113, 115, 137]
Insert 57
`- [78, 83]
   |- [48, 57, 69]
   |- [78, 80, 81]
   `- [83, 113, 115, 137]
Insert 140
`- [78, 83]
   |- [48, 57, 69]
   |- [78, 80, 81, 140]
   `- [83, 113, 115, 137]
Insert 86
`- [81]
   |- [78, 80]
   `- [81, 86, 140]
Insert 63
`- [81]
   |- [63, 78, 80]
   `- [81, 86, 140]
Insert 61
`- [81]
   |- [61, 63, 78, 80]
   `- [81, 86, 140]
Insert 3
`- [63, 81]
   |- [3, 61]
   |- [63, 78, 80]
   `- [81, 86, 140]
Insert 42
`- [63, 81]
   |- [3, 42, 61]
   |- [63, 78, 80]
   `- [81, 86, 140]
Insert 101
`- [63, 81]
   |- [3, 42, 61]
   |- [63, 78, 80, 101]
   `- [81, 86, 140]
Insert 108
`- [80]
   |- [63, 78]
   `- [80, 101, 108]
Insert 118
`- [80]
   |- [63, 78]
   `- [80, 101, 108, 118]
Insert 14
`- [80]
   |- [14, 63, 78]
   `- [80, 101, 108, 118]
Insert 12
`- [80]
   |- [12, 14, 63, 78]
   `- [80, 101, 108, 118]
Insert 73
`- [63, 80]
   |- [12, 14]
   |- [63, 73, 78]
   `- [80, 101, 108, 118]
Insert 38
`- [63, 80]
   |- [12, 14, 38]
   |- [63, 73, 78]
   `- [80, 101, 108, 118]
Insert 109
`- [63, 80]
   |- [12, 14, 38]
   |- [63, 73, 78, 109]
   `- [80, 101, 108, 118]
Insert 89
`- [78]
   |- [63, 73]
   `- [78, 89, 109]
Insert 107
`- [78]
   |- [63, 73]
   `- [78, 89, 107, 109]
Insert 1
`- [78]
   |- [1, 63, 73]
   `- [78, 89, 107, 109]
Insert 9
`- [78]
   |- [1, 9, 63, 73]
   `- [78, 89, 107, 109]
Insert 87
`- [78, 89]
   |- [1, 9, 63, 73]
   |- [78, 87]
   `- [89, 107, 109]
Insert 74
`- [63, 78, 89]
   |- [1, 9]
   |- [63, 73, 74]
   |- [78, 87]
   `- [89, 107, 109]
Insert 103
`- [63, 78, 89]
   |- [1, 9]
   |- [63, 73, 74, 103]
   |- [78, 87]
   `- [89, 107, 109]
Insert 123
`- [74]
   |- [63, 73]
   `- [74, 103, 123]
Insert 41
`- [74]
   |- [41, 63, 73]
   `- [74, 103, 123]
Insert 95
`- [74]
   |- [41, 63, 73]
   `- [74, 95, 103, 123]
Insert 11
`- [74]
   |- [11, 41, 63, 73]
   `- [74, 95, 103, 123]
Insert 121
`- [74, 103]
   |- [11, 41, 63, 73]
   |- [74, 95]
   `- [103, 121, 123]
Insert 91
`- [74, 103]
   |- [11, 41, 63, 73]
   |- [74, 91, 95]
   `- [103, 121, 123]
Insert 27
`- [41, 74, 103]
   |- [11, 27]
   |- [41, 63, 73]
   |- [74, 91, 95]
   `- [103, 121, 123]
Insert 82
`- [41, 74, 103]
   |- [11, 27]
   |- [41, 63, 73, 82]
   |- [74, 91, 95]
   `- [103, 121, 123]
Insert 6
`- [41, 74, 103]
   |- [6, 11, 27]
   |- [41, 63, 73, 82]
   |- [74, 91, 95]
   `- [103, 121, 123]
Insert 21
`- [41, 74, 103]
   |- [6, 11, 21, 27]
   |- [41, 63, 73, 82]
   |- [74, 91, 95]
   `- [103, 121, 123]
Insert 142
`- [73]
   |- [41, 63]
   `- [73, 82, 142]