Insert 4
`- [4]
Insert 8
`- [4, 8]
Insert 11
`- [4, 8, 11]
Insert 9
`- [4, 8, 9, 11]
Insert 1
`- [8]
   |- [1, 4]
   `- [8, 9, 11]
Insert 15
`- [8]
   |- [1, 4]
   `- [8, 9, 11, 15]
Insert 14
`- [8, 11]
   |- [1, 4]
   |- [8, 9]
   `- [11, 14, 15]
Insert 17
`- [8, 11]
   |- [1, 4]
   |- [8, 9]
   `- [11, 14, 15, 17]
Insert 0
`- [8, 11]
   |- [0, 1, 4]
   |- [8, 9]
   `- [11, 14, 15, 17]
Insert 13
`- [8, 11, 14]
   |- [0, 1, 4]
   |- [8, 9]
   |- [11, 13]
   `- [14, 15, 17]
Insert 19
`- [8, 11, 14]
   |- [0, 1, 4]
   |- [8, 9]
   |- [11, 13]
   `- [14, 15, 17, 19]
Insert 12
`- [8, 11, 14]
   |- [0, 1, 4]
   |- [8, 9]
   |- [11, 12, 13]
   `- [14, 15, 17, 19]
Insert 5
`- [8, 11, 14]
   |- [0, 1, 4, 5]
   |- [8, 9]
   |- [11, 12, 13]
   `- [14, 15, 17, 19]
Insert 16
`- [8, 11, 14, 16]
   |- [0, 1, 4, 5]
   |- [8, 9]
   |- [11, 12, 13]
   |- [14, 15]
   `- [16, 17, 19]
Insert 10
`- [8, 11, 14, 16]
   |- [0, 1, 4, 5]
   |- [8, 9, 10]
   |- [11, 12, 13]
   |- [14, 15]
   `- [16, 17, 19]
Insert 6
`- [11]
   |- [4, 8]
   |  |- [0, 1]
   |  |- [4, 5, 6]
   |  `- [8, 9, 10]
   `- [14, 16]
      |- [11, 12, 13]
      |- [14, 15]
      `- [16, 17, 19]
Insert 7
`- [11]
   |- [4, 8]
   |  |- [0, 1]
   |  |- [4, 5, 6, 7]
   |  `- [8, 9, 10]
   `- [14, 16]
      |- [11, 12, 13]
      |- [14, 15]
      `- [16, 17, 19]
Insert 18
`- [11]
   |- [4, 8]
   |  |- [0, 1]
   |  |- [4, 5, 6, 7]
   |  `- [8, 9, 10]
   `- [14, 16]
      |- [11, 12, 13]
      |- [14, 15]
      `- [16, 17, 18, 19]
Insert 3
`- [11]
   |- [4, 8]
   |  |- [0, 1, 3]
   |  |- [4, 5, 6, 7]
   |  `- [8, 9, 10]
   `- [14, 16]
      |- [11, 12, 13]
      |- [14, 15]
      `- [16, 17, 18, 19]
Insert 2
`- [11]
   |- [4, 8]
   |  |- [0, 1, 2, 3]
   |  |- [4, 5, 6, 7]
   |  `- [8, 9, 10]
   `- [14, 16]
      |- [11, 12, 13]
      |- [14, 15]
      `- [16, 17, 18, 19]