Insert 8
`- [8]
Insert 12
`- [8, 12]
Insert 0
`- [0, 8, 12]
Insert 10
`- [0, 8, 10, 12]
Insert 19
`- [10]
   |- [0, 8]
   `- [10, 12, 19]
Insert 20
`- [10]
   |- [0, 8]
   `- [10, 12, 19, 20]
Insert 21
`- [10, 19]
   |- [0, 8]
   |- [10, 12]
   `- [19, 20, 21]
Insert 6
`- [10, 19]
   |- [0, 6, 8]
   |- [10, 12]
   `- [19, 20, 21]
Insert 13
`- [10, 19]
   |- [0, 6, 8]
   |- [10, 12, 13]
   `- [19, 20, 21]
Insert 16
`- [10, 19]
   |- [0, 6, 8]
   |- [10, 12, 13, 16]
   `- [19, 20, 21]
Insert 25
`- [10, 19]
   |- [0, 6, 8]
   |- [10, 12, 13, 16]
   `- [19, 20, 21, 25]
Insert 26
`- [10, 19, 21]
   |- [0, 6, 8]
   |- [10, 12, 13, 16]
   |- [19, 20]
   `- [21, 25, 26]
Insert 29
`- [10, 19, 21]
   |- [0, 6, 8]
   |- [10, 12, 13, 16]
   |- [19, 20]
   `- [21, 25, 26, 29]
Insert 23
`- [10, 19, 21, 25]
   |- [0, 6, 8]
   |- [10, 12, 13, 16]
   |- [19, 20]
   |- [21, 23]
   `- [25, 26, 29]
Insert 3
`- [10, 19, 21, 25]
   |- [0, 3, 6, 8]
   |- [10, 12, 13, 16]
   |- [19, 20]
   |- [21, 23]
   `- [25, 26, 29]
Insert 9
`- [19]
   |- [6, 10]
   |  |- [0, 3]
   |  |- [6, 8, 9]
   |  `- [10, 12, 13, 16]
   `- [21, 25]
      |- [19, 20]
      |- [21, 23]
      `- [25, 26, 29]
Insert 17
`- [19]
   |- [6, 10, 13]
   |  |- [0, 3]
   |  |- [6, 8, 9]
   |  |- [10, 12]
   |  `- [13, 16, 17]
   `- [21, 25]
      |- [19, 20]
      |- [21, 23]
      `- [25, 26, 29]
Insert 14
`- [19]
   |- [6, 10, 13]
   |  |- [0, 3]
   |  |- [6, 8, 9]
   |  |- [10, 12]
   |  `- [13, 14, 16, 17]
   `- [21, 25]
      |- [19, 20]
      |- [21, 23]
      `- [25, 26, 29]
Insert 1
`- [19]
   |- [6, 10, 13]
   |  |- [0, 1, 3]
   |  |- [6, 8, 9]
   |  |- [10, 12]
   |  `- [13, 14, 16, 17]
   `- [21, 25]
      |- [19, 20]
      |- [21, 23]
      `- [25, 26, 29]
Insert 27
`- [19]
   |- [6, 10, 13]
   |  |- [0, 1, 3]
   |  |- [6, 8, 9]
   |  |- [10, 12]
   |  `- [13, 14, 16, 17]
   `- [21, 25]
      |- [19, 20]
      |- [21, 23]
      `- [25, 26, 27, 29]
Insert 4
`- [19]
   |- [6, 10, 13]
   |  |- [0, 1, 3, 4]
   |  |- [6, 8, 9]
   |  |- [10, 12]
   |  `- [13, 14, 16, 17]
   `- [21, 25]
      |- [19, 20]
      |- [21, 23]
      `- [25, 26, 27, 29]
Insert 18
`- [19]
   |- [6, 10, 13, 16]
   |  |- [0, 1, 3, 4]
   |  |- [6, 8, 9]
   |  |- [10, 12]
   |  |- [13, 14]
   |  `- [16, 17, 18]
   `- [21, 25]
      |- [19, 20]
      |- [21, 23]
      `- [25, 26, 27, 29]
Insert 11
`- [19]
   |- [6, 10, 13, 16]
   |  |- [0, 1, 3, 4]
   |  |- [6, 8, 9]
   |  |- [10, 11, 12]
   |  |- [13, 14]
   |  `- [16, 17, 18]
   `- [21, 25]
      |- [19, 20]
      |- [21, 23]
      `- [25, 26, 27, 29]
Insert 7
`- [19]
   |- [6, 10, 13, 16]
   |  |- [0, 1, 3, 4]
   |  |- [6, 7, 8, 9]
   |  |- [10, 11, 12]
   |  |- [13, 14]
   |  `- [16, 17, 18]
   `- [21, 25]
      |- [19, 20]
      |- [21, 23]
      `- [25, 26, 27, 29]
Insert 5
`- [10, 19]
   |- [3, 6]
   |  |- [0, 1]
   |  |- [3, 4, 5]
   |  `- [6, 7, 8, 9]
   |- [13, 16]
   |  |- [10, 11, 12]
   |  |- [13, 14]
   |  `- [16, 17, 18]
   `- [21, 25]
      |- [19, 20]
      |- [21, 23]
      `- [25, 26, 27, 29]
Insert 15
`- [10, 19]
   |- [3, 6]
   |  |- [0, 1]
   |  |- [3, 4, 5]
   |  `- [6, 7, 8, 9]
   |- [13, 16]
   |  |- [10, 11, 12]
   |  |- [13, 14, 15]
   |  `- [16, 17, 18]
   `- [21, 25]
      |- [19, 20]
      |- [21, 23]
      `- [25, 26, 27, 29]
Insert 22
`- [10, 19]
   |- [3, 6]
   |  |- [0, 1]
   |  |- [3, 4, 5]
   |  `- [6, 7, 8, 9]
   |- [13, 16]
   |  |- [10, 11, 12]
   |  |- [13, 14, 15]
   |  `- [16, 17, 18]
   `- [21, 25]
      |- [19, 20]
      |- [21, 22, 23]
      `- [25, 26, 27, 29]
Insert 2
`- [10, 19]
   |- [3, 6]
   |  |- [0, 1, 2]
   |  |- [3, 4, 5]
   |  `- [6, 7, 8, 9]
   |- [13, 16]
   |  |- [10, 11, 12]
   |  |- [13, 14, 15]
   |  `- [16, 17, 18]
   `- [21, 25]
      |- [19, 20]
      |- [21, 22, 23]
      `- [25, 26, 27, 29]
Insert 28
`- [10, 19]
   |- [3, 6]
   |  |- [0, 1, 2]
   |  |- [3, 4, 5]
   |  `- [6, 7, 8, 9]
   |- [13, 16]
   |  |- [10, 11, 12]
   |  |- [13, 14, 15]
   |  `- [16, 17, 18]
   `- [21, 25, 27]
      |- [19, 20]
      |- [21, 22, 23]
      |- [25, 26]
      `- [27, 28, 29]
Insert 24
`- [10, 19]
   |- [3, 6]
   |  |- [0, 1, 2]
   |  |- [3, 4, 5]
   |  `- [6, 7, 8, 9]
   |- [13, 16]
   |  |- [10, 11, 12]
   |  |- [13, 14, 15]
   |  `- [16, 17, 18]
   `- [21, 25, 27]
      |- [19, 20]
      |- [21, 22, 23, 24]
      |- [25, 26]
      `- [27, 28, 29]