Insert 3
`- [3]
Insert 15
`- [3, 15]
Insert 33
`- [3, 15, 33]
Insert 7
`- [3, 7, 15, 33]
Insert 23
`- [15]
   |- [3, 7]
   `- [15, 23, 33]
Insert 35
`- [15]
   |- [3, 7]
   `- [15, 23, 33, 35]
Insert 11
`- [15]
   |- [3, 7, 11]
   `- [15, 23, 33, 35]
Insert 12
`- [15]
   |- [3, 7, 11, 12]
   `- [15, 23, 33, 35]
Insert 27
`- [15, 27]
   |- [3, 7, 11, 12]
   |- [15, 23]
   `- [27, 33, 35]
Insert 24
`- [15, 27]
   |- [3, 7, 11, 12]
   |- [15, 23, 24]
   `- [27, 33, 35]
Insert 22
`- [15, 27]
   |- [3, 7, 11, 12]
   |- [15, 22, 23, 24]
   `- [27, 33, 35]
Insert 21
`- [15, 22, 27]
   |- [3, 7, 11, 12]
   |- [15, 21]
   |- [22, 23, 24]
   `- [27, 33, 35]
Insert 13
`- [11, 15, 22, 27]
   |- [3, 7]
   |- [11, 12, 13]
   |- [15, 21]
   |- [22, 23, 24]
   `- [27, 33, 35]
Insert 20
`- [11, 15, 22, 27]
   |- [3, 7]
   |- [11, 12, 13]
   |- [15, 20, 21]
   |- [22, 23, 24]
   `- [27, 33, 35]
Insert 17
`- [11, 15, 22, 27]
   |- [3, 7]
   |- [11, 12, 13]
   |- [15, 17, 20, 21]
   |- [22, 23, 24]
   `- [27, 33, 35]
Insert 6
`- [11, 15, 22, 27]
   |- [3, 6, 7]
   |- [11, 12, 13]
   |- [15, 17, 20, 21]
   |- [22, 23, 24]
   `- [27, 33, 35]
Insert 16
`- [17]
   |- [11, 15]
      |- [3, 6, 7]
      |- [11, 12, 13]
      `- [15, 16]
   `- [22, 27]
      |- [17, 20, 21]
      |- [22, 23, 24]
      `- [27, 33, 35]
Insert 25
`- [17]
   |- [11, 15]
      |- [3, 6, 7]
      |- [11, 12, 13]
      `- [15, 16]
   `- [22, 27]
      |- [17, 20, 21]
      |- [22, 23, 24, 25]
      `- [27, 33, 35]
Insert 2
`- [17]
   |- [11, 15]
      |- [2, 3, 6, 7]
      |- [11, 12, 13]
      `- [15, 16]
   `- [22, 27]
      |- [17, 20, 21]
      |- [22, 23, 24, 25]
      `- [27, 33, 35]
Insert 36
`- [17]
   |- [11, 15]
      |- [2, 3, 6, 7]
      |- [11, 12, 13]
      `- [15, 16]
   `- [22, 27]
      |- [17, 20, 21]
      |- [22, 23, 24, 25]
      `- [27, 33, 35, 36]
Insert 1
`- [17]
   |- [3, 11, 15]
      |- [1, 2]
      |- [3, 6, 7]
      |- [11, 12, 13]
      `- [15, 16]
   `- [22, 27]
      |- [17, 20, 21]
      |- [22, 23, 24, 25]
      `- [27, 33, 35, 36]
Insert 10
`- [17]
   |- [3, 11, 15]
      |- [1, 2]
      |- [3, 6, 7, 10]
      |- [11, 12, 13]
      `- [15, 16]
   `- [22, 27]
      |- [17, 20, 21]
      |- [22, 23, 24, 25]
      `- [27, 33, 35, 36]
Insert 8
`- [17]
   |- [3, 7, 11, 15]
      |- [1, 2]
      |- [3, 6]
      |- [7, 8, 10]
      |- [11, 12, 13]
      `- [15, 16]
   `- [22, 27]
      |- [17, 20, 21]
      |- [22, 23, 24, 25]
      `- [27, 33, 35, 36]
Insert 4
`- [17]
   |- [3, 7, 11, 15]
      |- [1, 2]
      |- [3, 4, 6]
      |- [7, 8, 10]
      |- [11, 12, 13]
      `- [15, 16]
   `- [22, 27]
      |- [17, 20, 21]
      |- [22, 23, 24, 25]
      `- [27, 33, 35, 36]
Insert 28
`- [11, 17]
   |- [3, 7]
      |- [1, 2]
      |- [3, 4, 6]
      `- [7, 8, 10]
   |- [15, 33]
      |- [11, 12, 13]
      |- [27, 28]
      `- [33, 35, 36]
   `- [22, 27]
      |- [17, 20, 21]
      |- [22, 23, 24, 25]
      `- [27, 28]
Insert 39
`- [11, 17]
   |- [3, 7]
      |- [1, 2]
      |- [3, 4, 6]
      `- [7, 8, 10]
   |- [15, 33]
      |- [11, 12, 13]
      |- [27, 28]
      `- [33, 35, 36, 39]
   `- [22, 27]
      |- [17, 20, 21]
      |- [22, 23, 24, 25]
      `- [27, 28]
Insert 30
`- [11, 17]
   |- [3, 7]
      |- [1, 2]
      |- [3, 4, 6]
      `- [7, 8, 10]
   |- [15, 33]
      |- [11, 12, 13]
      |- [27, 28, 30]
      `- [33, 35, 36, 39]
   `- [22, 27]
      |- [17, 20, 21]
      |- [22, 23, 24, 25]
      `- [27, 28, 30]
Insert 38
`- [11, 17]
   |- [3, 7, 36]
      |- [1, 2]
      |- [3, 4, 6]
      |- [33, 35]
      `- [36, 38, 39]
   |- [15, 33]
      |- [11, 12, 13]
      |- [27, 28, 30]
      `- [33, 35]
   `- [22, 27]
      |- [17, 20, 21]
      |- [22, 23, 24, 25]
      `- [27, 28, 30]
Insert 26
`- [11, 17]
   |- [3, 7, 24, 36]
      |- [1, 2]
      |- [3, 4, 6]
      |- [22, 23]
      |- [24, 25, 26]
      `- [36, 38, 39]
   |- [15, 33]
      |- [11, 12, 13]
      |- [27, 28, 30]
      `- [33, 35]
   `- [22, 27]
      |- [17, 20, 21]
      |- [22, 23]
      `- [27, 28, 30]
Insert 9
`- [11, 17]
   |- [3, 7, 24, 36]
      |- [1, 2]
      |- [3, 4, 6]
      |- [22, 23]
      |- [24, 25, 26]
      `- [36, 38, 39]
   |- [15, 33]
      |- [11, 12, 13]
      |- [27, 28, 30]
      `- [33, 35]
   `- [22, 27]
      |- [17, 20, 21]
      |- [22, 23]
      `- [27, 28, 30]
Insert 14
`- [11, 17]
   |- [3, 7, 24, 36]
      |- [1, 2]
      |- [3, 4, 6]
      |- [22, 23]
      |- [24, 25, 26]
      `- [36, 38, 39]
   |- [15, 33]
      |- [11, 12, 13, 14]
      |- [27, 28, 30]
      `- [33, 35]
   `- [22, 27]
      |- [17, 20, 21]
      |- [22, 23]
      `- [27, 28, 30]
Insert 31
`- [11, 17]
   |- [3, 7, 24, 36]
      |- [1, 2]
      |- [3, 4, 6]
      |- [22, 23]
      |- [24, 25, 26]
      `- [36, 38, 39]
   |- [15, 33]
      |- [11, 12, 13, 14]
      |- [27, 28, 30, 31]
      `- [33, 35]
   `- [22, 27]
      |- [17, 20, 21]
      |- [22, 23]
      `- [27, 28, 30, 31]
Insert 18
`- [11, 17]
   |- [3, 7, 24, 36]
      |- [1, 2]
      |- [3, 4, 6]
      |- [22, 23]
      |- [24, 25, 26]
      `- [36, 38, 39]
   |- [15, 33]
      |- [11, 12, 13, 14]
      |- [27, 28, 30, 31]
      `- [33, 35]
   `- [22, 27]
      |- [17, 18, 20, 21]
      |- [22, 23]
      `- [27, 28, 30, 31]
Insert 5
`- [11, 17]
   |- [3, 7, 24, 36]
      |- [1, 2]
      |- [3, 4, 5, 6]
      |- [22, 23]
      |- [24, 25, 26]
      `- [36, 38, 39]
   |- [15, 33]
      |- [11, 12, 13, 14]
      |- [27, 28, 30, 31]
      `- [33, 35]
   `- [22, 27]
      |- [17, 18, 20, 21]
      |- [22, 23]
      `- [27, 28, 30, 31]
Insert 37
`- [11, 17]
   |- [3, 7, 24, 36]
      |- [1, 2]
      |- [3, 4, 5, 6]
      |- [22, 23]
      |- [24, 25, 26]
      `- [36, 37, 38, 39]
   |- [15, 33]
      |- [11, 12, 13, 14]
      |- [27, 28, 30, 31]
      `- [33, 35]
   `- [22, 27]
      |- [17, 18, 20, 21]
      |- [22, 23]
      `- [27, 28, 30, 31]
Insert 0
`- [11, 17]
   |- [3, 7, 24, 36]
      |- [0, 1, 2]
      |- [3, 4, 5, 6]
      |- [22, 23]
      |- [24, 25, 26]
      `- [36, 37, 38, 39]
   |- [15, 33]
      |- [11, 12, 13, 14]
      |- [27, 28, 30, 31]
      `- [33, 35]
   `- [22, 27]
      |- [17, 18, 20, 21]
      |- [22, 23]
      `- [27, 28, 30, 31]
Insert 29
`- [11, 17, 24]
   |- [3, 7]
      |- [0, 1, 2]
      |- [3, 4, 5, 6]
      `- [7, 8, 9, 10]
   |- [15, 33]
      |- [11, 12, 13, 14]
      |- [27, 28]
      `- [33, 35]
   |- [3, 7]
      |- [0, 1, 2]
      |- [3, 4, 5, 6]
      `- [7, 8, 9, 10]
   `- [29, 36]
      |- [27, 28]
      |- [29, 30, 31]
      `- [36, 37, 38, 39]
Insert 19
`- [11, 17, 24]
   |- [3, 7, 19]
      |- [0, 1, 2]
      |- [3, 4, 5, 6]
      |- [17, 18]
      `- [19, 20, 21]
   |- [15, 33]
      |- [11, 12, 13, 14]
      |- [27, 28]
      `- [33, 35]
   |- [3, 7, 19]
      |- [0, 1, 2]
      |- [3, 4, 5, 6]
      |- [17, 18]
      `- [19, 20, 21]
   `- [29, 36]
      |- [27, 28]
      |- [29, 30, 31]
      `- [36, 37, 38, 39]
Insert 32
`- [11, 17, 24]
   |- [3, 7, 19]
      |- [0, 1, 2]
      |- [3, 4, 5, 6]
      |- [17, 18]
      `- [19, 20, 21]
   |- [15, 33]
      |- [11, 12, 13, 14]
      |- [27, 28]
      `- [33, 35]
   |- [3, 7, 19]
      |- [0, 1, 2]
      |- [3, 4, 5, 6]
      |- [17, 18]
      `- [19, 20, 21]
   `- [29, 36]
      |- [27, 28]
      |- [29, 30, 31, 32]
      `- [36, 37, 38, 39]
Insert 34
`- [11, 17, 24]
   |- [3, 7, 19]
      |- [0, 1, 2]
      |- [3, 4, 5, 6]
      |- [17, 18]
      `- [19, 20, 21]
   |- [15, 33]
      |- [11, 12, 13, 14]
      |- [27, 28]
      `- [33, 34, 35]
   |- [3, 7, 19]
      |- [0, 1, 2]
      |- [3, 4, 5, 6]
      |- [17, 18]
      `- [19, 20, 21]
   `- [29, 36]
      |- [27, 28]
      |- [29, 30, 31, 32]
      `- [36, 37, 38, 39]