Insert 25
`- [25]
Insert 0
`- [0, 25]
Insert 32
`- [0, 25, 32]
Insert 5
`- [0, 5, 25, 32]
Insert 35
`- [25]
   |- [0, 5]
   `- [25, 32, 35]
Insert 24
`- [25]
   |- [0, 5, 24]
   `- [25, 32, 35]
Insert 29
`- [25]
   |- [0, 5, 24]
   `- [25, 29, 32, 35]
Insert 39
`- [25, 32]
   |- [0, 5, 24]
   |- [25, 29]
   `- [32, 35, 39]
Insert 4
`- [25, 32]
   |- [0, 4, 5, 24]
   |- [25, 29]
   `- [32, 35, 39]
Insert 18
`- [5, 25, 32]
   |- [0, 4]
   |- [5, 18, 24]
   |- [25, 29]
   `- [32, 35, 39]
Insert 3
`- [5, 25, 32]
   |- [0, 3, 4]
   |- [5, 18, 24]
   |- [25, 29]
   `- [32, 35, 39]
Insert 27
`- [5, 25, 32]
   |- [0, 3, 4]
   |- [5, 18, 24]
   |- [25, 27, 29]
   `- [32, 35, 39]
Insert 40
`- [5, 25, 32]
   |- [0, 3, 4]
   |- [5, 18, 24]
   |- [25, 27, 29]
   `- [32, 35, 39, 40]
Insert 12
`- [5, 25, 32]
   |- [0, 3, 4]
   |- [5, 12, 18, 24]
   |- [25, 27, 29]
   `- [32, 35, 39, 40]
Insert 14
`- [5, 14, 25, 32]
   |- [0, 3, 4]
   |- [5, 12]
   |- [14, 18, 24]
   |- [25, 27, 29]
   `- [32, 35, 39, 40]
Insert 49
`- [25]
   |- [5, 14]
   |  |- [0, 3, 4]
   |  |- [5, 12]
   |  `- [14, 18, 24]
   `- [32, 39]
      |- [25, 27, 29]
      |- [32, 35]
      `- [39, 40, 49]
Insert 42
`- [25]
   |- [5, 14]
   |  |- [0, 3, 4]
   |  |- [5, 12]
   |  `- [14, 18, 24]
   `- [32, 39]
      |- [25, 27, 29]
      |- [32, 35]
      `- [39, 40, 42, 49]
Insert 8
`- [25]
   |- [5, 14]
   |  |- [0, 3, 4]
   |  |- [5, 8, 12]
   |  `- [14, 18, 24]
   `- [32, 39]
      |- [25, 27, 29]
      |- [32, 35]
      `- [39, 40, 42, 49]
Insert 10
`- [25]
   |- [5, 14]
   |  |- [0, 3, 4]
   |  |- [5, 8, 10, 12]
   |  `- [14, 18, 24]
   `- [32, 39]
      |- [25, 27, 29]
      |- [32, 35]
      `- [39, 40, 42, 49]
Insert 21
`- [25]
   |- [5, 14]
   |  |- [0, 3, 4]
   |  |- [5, 8, 10, 12]
   |  `- [14, 18, 21, 24]
   `- [32, 39]
      |- [25, 27, 29]
      |- [32, 35]
      `- [39, 40, 42, 49]
Insert 6
`- [25]
   |- [5, 8, 14]
   |  |- [0, 3, 4]
   |  |- [5, 6]
   |  |- [8, 10, 12]
   |  `- [14, 18, 21, 24]
   `- [32, 39]
      |- [25, 27, 29]
      |- [32, 35]
      `- [39, 40, 42, 49]
Insert 13
`- [25]
   |- [5, 8, 14]
   |  |- [0, 3, 4]
   |  |- [5, 6]
   |  |- [8, 10, 12, 13]
   |  `- [14, 18, 21, 24]
   `- [32, 39]
      |- [25, 27, 29]
      |- [32, 35]
      `- [39, 40, 42, 49]
Insert 28
`- [25]
   |- [5, 8, 14]
   |  |- [0, 3, 4]
   |  |- [5, 6]
   |  |- [8, 10, 12, 13]
   |  `- [14, 18, 21, 24]
   `- [32, 39]
      |- [25, 27, 28, 29]
      |- [32, 35]
      `- [39, 40, 42, 49]
Insert 19
`- [25]
   |- [5, 8, 14, 19]
   |  |- [0, 3, 4]
   |  |- [5, 6]
   |  |- [8, 10, 12, 13]
   |  |- [14, 18]
   |  `- [19, 21, 24]
   `- [32, 39]
      |- [25, 27, 28, 29]
      |- [32, 35]
      `- [39, 40, 42, 49]
Insert 48
`- [25]
   |- [5, 8, 14, 19]
   |  |- [0, 3, 4]
   |  |- [5, 6]
   |  |- [8, 10, 12, 13]
   |  |- [14, 18]
   |  `- [19, 21, 24]
   `- [32, 39, 42]
      |- [25, 27, 28, 29]
      |- [32, 35]
      |- [39, 40]
      `- [42, 48, 49]
Insert 44
`- [25]
   |- [5, 8, 14, 19]
   |  |- [0, 3, 4]
   |  |- [5, 6]
   |  |- [8, 10, 12, 13]
   |  |- [14, 18]
   |  `- [19, 21, 24]
   `- [32, 39, 42]
      |- [25, 27, 28, 29]
      |- [32, 35]
      |- [39, 40]
      `- [42, 44, 48, 49]
Insert 33
`- [25]
   |- [5, 8, 14, 19]
   |  |- [0, 3, 4]
   |  |- [5, 6]
   |  |- [8, 10, 12, 13]
   |  |- [14, 18]
   |  `- [19, 21, 24]
   `- [32, 39, 42]
      |- [25, 27, 28, 29]
      |- [32, 33, 35]
      |- [39, 40]
      `- [42, 44, 48, 49]
Insert 23
`- [25]
   |- [5, 8, 14, 19]
   |  |- [0, 3, 4]
   |  |- [5, 6]
   |  |- [8, 10, 12, 13]
   |  |- [14, 18]
   |  `- [19, 21, 23, 24]
   `- [32, 39, 42]
      |- [25, 27, 28, 29]
      |- [32, 33, 35]
      |- [39, 40]
      `- [42, 44, 48, 49]
Insert 20
`- [14, 25]
   |- [5, 8]
   |  |- [0, 3, 4]
   |  |- [5, 6]
   |  `- [8, 10, 12, 13]
   |- [19, 21]
   |  |- [14, 18]
   |  |- [19, 20]
   |  `- [21, 23, 24]
   `- [32, 39, 42]
      |- [25, 27, 28, 29]
      |- [32, 33, 35]
      |- [39, 40]
      `- [42, 44, 48, 49]
Insert 1
`- [14, 25]
   |- [5, 8]
   |  |- [0, 1, 3, 4]
   |  |- [5, 6]
   |  `- [8, 10, 12, 13]
   |- [19, 21]
   |  |- [14, 18]
   |  |- [19, 20]
   |  `- [21, 23, 24]
   `- [32, 39, 42]
      |- [25, 27, 28, 29]
      |- [32, 33, 35]
      |- [39, 40]
      `- [42, 44, 48, 49]
Insert 43
`- [14, 25]
   |- [5, 8]
   |  |- [0, 1, 3, 4]
   |  |- [5, 6]
   |  `- [8, 10, 12, 13]
   |- [19, 21]
   |  |- [14, 18]
   |  |- [19, 20]
   |  `- [21, 23, 24]
   `- [32, 39, 42, 44]
      |- [25, 27, 28, 29]
      |- [32, 33, 35]
      |- [39, 40]
      |- [42, 43]
      `- [44, 48, 49]
Insert 47
`- [14, 25]
   |- [5, 8]
   |  |- [0, 1, 3, 4]
   |  |- [5, 6]
   |  `- [8, 10, 12, 13]
   |- [19, 21]
   |  |- [14, 18]
   |  |- [19, 20]
   |  `- [21, 23, 24]
   `- [32, 39, 42, 44]
      |- [25, 27, 28, 29]
      |- [32, 33, 35]
      |- [39, 40]
      |- [42, 43]
      `- [44, 47, 48, 49]
Insert 46
`- [14, 25, 42]
   |- [5, 8]
   |  |- [0, 1, 3, 4]
   |  |- [5, 6]
   |  `- [8, 10, 12, 13]
   |- [19, 21]
   |  |- [14, 18]
   |  |- [19, 20]
   |  `- [21, 23, 24]
   |- [32, 39]
   |  |- [25, 27, 28, 29]
   |  |- [32, 33, 35]
   |  `- [39, 40]
   `- [44, 47]
      |- [42, 43]
      |- [44, 46]
      `- [47, 48, 49]
Insert 31
`- [14, 25, 42]
   |- [5, 8]
   |  |- [0, 1, 3, 4]
   |  |- [5, 6]
   |  `- [8, 10, 12, 13]
   |- [19, 21]
   |  |- [14, 18]
   |  |- [19, 20]
   |  `- [21, 23, 24]
   |- [28, 32, 39]
   |  |- [25, 27]
   |  |- [28, 29, 31]
   |  |- [32, 33, 35]
   |  `- [39, 40]
   `- [44, 47]
      |- [42, 43]
      |- [44, 46]
      `- [47, 48, 49]
Insert 22
`- [14, 25, 42]
   |- [5, 8]
   |  |- [0, 1, 3, 4]
   |  |- [5, 6]
   |  `- [8, 10, 12, 13]
   |- [19, 21]
   |  |- [14, 18]
   |  |- [19, 20]
   |  `- [21, 22, 23, 24]
   |- [28, 32, 39]
   |  |- [25, 27]
   |  |- [28, 29, 31]
   |  |- [32, 33, 35]
   |  `- [39, 40]
   `- [44, 47]
      |- [42, 43]
      |- [44, 46]
      `- [47, 48, 49]
Insert 7
`- [14, 25, 42]
   |- [5, 8]
   |  |- [0, 1, 3, 4]
   |  |- [5, 6, 7]
   |  `- [8, 10, 12, 13]
   |- [19, 21]
   |  |- [14, 18]
   |  |- [19, 20]
   |  `- [21, 22, 23, 24]
   |- [28, 32, 39]
   |  |- [25, 27]
   |  |- [28, 29, 31]
   |  |- [32, 33, 35]
   |  `- [39, 40]
   `- [44, 47]
      |- [42, 43]
      |- [44, 46]
      `- [47, 48, 49]
Insert 26
`- [14, 25, 42]
   |- [5, 8]
   |  |- [0, 1, 3, 4]
   |  |- [5, 6, 7]
   |  `- [8, 10, 12, 13]
   |- [19, 21]
   |  |- [14, 18]
   |  |- [19, 20]
   |  `- [21, 22, 23, 24]
   |- [28, 32, 39]
   |  |- [25, 26, 27]
   |  |- [28, 29, 31]
   |  |- [32, 33, 35]
   |  `- [39, 40]
   `- [44, 47]
      |- [42, 43]
      |- [44, 46]
      `- [47, 48, 49]
Insert 37
`- [14, 25, 42]
   |- [5, 8]
   |  |- [0, 1, 3, 4]
   |  |- [5, 6, 7]
   |  `- [8, 10, 12, 13]
   |- [19, 21]
   |  |- [14, 18]
   |  |- [19, 20]
   |  `- [21, 22, 23, 24]
   |- [28, 32, 39]
   |  |- [25, 26, 27]
   |  |- [28, 29, 31]
   |  |- [32, 33, 35, 37]
   |  `- [39, 40]
   `- [44, 47]
      |- [42, 43]
      |- [44, 46]
      `- [47, 48, 49]
Insert 17
`- [14, 25, 42]
   |- [5, 8]
   |  |- [0, 1, 3, 4]
   |  |- [5, 6, 7]
   |  `- [8, 10, 12, 13]
   |- [19, 21]
   |  |- [14, 17, 18]
   |  |- [19, 20]
   |  `- [21, 22, 23, 24]
   |- [28, 32, 39]
   |  |- [25, 26, 27]
   |  |- [28, 29, 31]
   |  |- [32, 33, 35, 37]
   |  `- [39, 40]
   `- [44, 47]
      |- [42, 43]
      |- [44, 46]
      `- [47, 48, 49]
Insert 9
`- [14, 25, 42]
   |- [5, 8, 10]
   |  |- [0, 1, 3, 4]
   |  |- [5, 6, 7]
   |  |- [8, 9]
   |  `- [10, 12, 13]
   |- [19, 21]
   |  |- [14, 17, 18]
   |  |- [19, 20]
   |  `- [21, 22, 23, 24]
   |- [28, 32, 39]
   |  |- [25, 26, 27]
   |  |- [28, 29, 31]
   |  |- [32, 33, 35, 37]
   |  `- [39, 40]
   `- [44, 47]
      |- [42, 43]
      |- [44, 46]
      `- [47, 48, 49]
Insert 36
`- [14, 25, 42]
   |- [5, 8, 10]
   |  |- [0, 1, 3, 4]
   |  |- [5, 6, 7]
   |  |- [8, 9]
   |  `- [10, 12, 13]
   |- [19, 21]
   |  |- [14, 17, 18]
   |  |- [19, 20]
   |  `- [21, 22, 23, 24]
   |- [28, 32, 35, 39]
   |  |- [25, 26, 27]
   |  |- [28, 29, 31]
   |  |- [32, 33]
   |  |- [35, 36, 37]
   |  `- [39, 40]
   `- [44, 47]
      |- [42, 43]
      |- [44, 46]
      `- [47, 48, 49]
Insert 16
`- [14, 25, 42]
   |- [5, 8, 10]
   |  |- [0, 1, 3, 4]
   |  |- [5, 6, 7]
   |  |- [8, 9]
   |  `- [10, 12, 13]
   |- [19, 21]
   |  |- [14, 16, 17, 18]
   |  |- [19, 20]
   |  `- [21, 22, 23, 24]
   |- [28, 32, 35, 39]
   |  |- [25, 26, 27]
   |  |- [28, 29, 31]
   |  |- [32, 33]
   |  |- [35, 36, 37]
   |  `- [39, 40]
   `- [44, 47]
      |- [42, 43]
      |- [44, 46]
      `- [47, 48, 49]
Insert 41
`- [14, 25, 42]
   |- [5, 8, 10]
   |  |- [0, 1, 3, 4]
   |  |- [5, 6, 7]
   |  |- [8, 9]
   |  `- [10, 12, 13]
   |- [19, 21]
   |  |- [14, 16, 17, 18]
   |  |- [19, 20]
   |  `- [21, 22, 23, 24]
   |- [28, 32, 35, 39]
   |  |- [25, 26, 27]
   |  |- [28, 29, 31]
   |  |- [32, 33]
   |  |- [35, 36, 37]
   |  `- [39, 40, 41]
   `- [44, 47]
      |- [42, 43]
      |- [44, 46]
      `- [47, 48, 49]
Insert 30
`- [14, 25, 42]
   |- [5, 8, 10]
   |  |- [0, 1, 3, 4]
   |  |- [5, 6, 7]
   |  |- [8, 9]
   |  `- [10, 12, 13]
   |- [19, 21]
   |  |- [14, 16, 17, 18]
   |  |- [19, 20]
   |  `- [21, 22, 23, 24]
   |- [28, 32, 35, 39]
   |  |- [25, 26, 27]
   |  |- [28, 29, 30, 31]
   |  |- [32, 33]
   |  |- [35, 36, 37]
   |  `- [39, 40, 41]
   `- [44, 47]
      |- [42, 43]
      |- [44, 46]
      `- [47, 48, 49]
Insert 11
`- [14, 25, 42]
   |- [5, 8, 10]
   |  |- [0, 1, 3, 4]
   |  |- [5, 6, 7]
   |  |- [8, 9]
   |  `- [10, 11, 12, 13]
   |- [19, 21]
   |  |- [14, 16, 17, 18]
   |  |- [19, 20]
   |  `- [21, 22, 23, 24]
   |- [28, 32, 35, 39]
   |  |- [25, 26, 27]
   |  |- [28, 29, 30, 31]
   |  |- [32, 33]
   |  |- [35, 36, 37]
   |  `- [39, 40, 41]
   `- [44, 47]
      |- [42, 43]
      |- [44, 46]
      `- [47, 48, 49]
Insert 45
`- [14, 25, 42]
   |- [5, 8, 10]
   |  |- [0, 1, 3, 4]
   |  |- [5, 6, 7]
   |  |- [8, 9]
   |  `- [10, 11, 12, 13]
   |- [19, 21]
   |  |- [14, 16, 17, 18]
   |  |- [19, 20]
   |  `- [21, 22, 23, 24]
   |- [28, 32, 35, 39]
   |  |- [25, 26, 27]
   |  |- [28, 29, 30, 31]
   |  |- [32, 33]
   |  |- [35, 36, 37]
   |  `- [39, 40, 41]
   `- [44, 47]
      |- [42, 43]
      |- [44, 45, 46]
      `- [47, 48, 49]
Insert 34
`- [14, 25, 42]
   |- [5, 8, 10]
   |  |- [0, 1, 3, 4]
   |  |- [5, 6, 7]
   |  |- [8, 9]
   |  `- [10, 11, 12, 13]
   |- [19, 21]
   |  |- [14, 16, 17, 18]
   |  |- [19, 20]
   |  `- [21, 22, 23, 24]
   |- [28, 32, 35, 39]
   |  |- [25, 26, 27]
   |  |- [28, 29, 30, 31]
   |  |- [32, 33, 34]
   |  |- [35, 36, 37]
   |  `- [39, 40, 41]
   `- [44, 47]
      |- [42, 43]
      |- [44, 45, 46]
      `- [47, 48, 49]
Insert 2
`- [14, 25, 42]
   |- [2, 5, 8, 10]
   |  |- [0, 1]
   |  |- [2, 3, 4]
   |  |- [5, 6, 7]
   |  |- [8, 9]
   |  `- [10, 11, 12, 13]
   |- [19, 21]
   |  |- [14, 16, 17, 18]
   |  |- [19, 20]
   |  `- [21, 22, 23, 24]
   |- [28, 32, 35, 39]
   |  |- [25, 26, 27]
   |  |- [28, 29, 30, 31]
   |  |- [32, 33, 34]
   |  |- [35, 36, 37]
   |  `- [39, 40, 41]
   `- [44, 47]
      |- [42, 43]
      |- [44, 45, 46]
      `- [47, 48, 49]
Insert 38
`- [14, 25, 42]
   |- [2, 5, 8, 10]
   |  |- [0, 1]
   |  |- [2, 3, 4]
   |  |- [5, 6, 7]
   |  |- [8, 9]
   |  `- [10, 11, 12, 13]
   |- [19, 21]
   |  |- [14, 16, 17, 18]
   |  |- [19, 20]
   |  `- [21, 22, 23, 24]
   |- [28, 32, 35, 39]
   |  |- [25, 26, 27]
   |  |- [28, 29, 30, 31]
   |  |- [32, 33, 34]
   |  |- [35, 36, 37, 38]
   |  `- [39, 40, 41]
   `- [44, 47]
      |- [42, 43]
      |- [44, 45, 46]
      `- [47, 48, 49]
Insert 15
`- [14, 25, 42]
   |- [2, 5, 8, 10]
   |  |- [0, 1]
   |  |- [2, 3, 4]
   |  |- [5, 6, 7]
   |  |- [8, 9]
   |  `- [10, 11, 12, 13]
   |- [16, 19, 21]
   |  |- [14, 15]
   |  |- [16, 17, 18]
   |  |- [19, 20]
   |  `- [21, 22, 23, 24]
   |- [28, 32, 35, 39]
   |  |- [25, 26, 27]
   |  |- [28, 29, 30, 31]
   |  |- [32, 33, 34]
   |  |- [35, 36, 37, 38]
   |  `- [39, 40, 41]
   `- [44, 47]
      |- [42, 43]
      |- [44, 45, 46]
      `- [47, 48, 49]