Insert 62
`- [62]
Insert 8
`- [8, 62]
Insert 86
`- [8, 62, 86]
Insert 40
`- [8, 40, 62, 86]
Insert 13
`- [40]
   |- [8, 13]
   `- [40, 62, 86]
Insert 6
`- [40]
   |- [6, 8, 13]
   `- [40, 62, 86]
Insert 12
`- [40]
   |- [6, 8, 12, 13]
   `- [40, 62, 86]
Insert 92
`- [40]
   |- [6, 8, 12, 13]
   `- [40, 62, 86, 92]
Insert 15
`- [12, 40]
   |- [6, 8]
   |- [12, 13, 15]
   `- [40, 62, 86, 92]
Insert 96
`- [12, 40, 86]
   |- [6, 8]
   |- [12, 13, 15]
   |- [40, 62]
   `- [86, 92, 96]
Insert 38
`- [12, 40, 86]
   |- [6, 8]
   |- [12, 13, 15, 38]
   |- [40, 62]
   `- [86, 92, 96]
Insert 32
`- [12, 15, 40, 86]
   |- [6, 8]
   |- [12, 13]
   |- [15, 32, 38]
   |- [40, 62]
   `- [86, 92, 96]
Insert 77
`- [12, 15, 40, 86]
   |- [6, 8]
   |- [12, 13]
   |- [15, 32, 38]
   |- [40, 62, 77]
   `- [86, 92, 96]
Insert 95
`- [12, 15, 40, 86]
   |- [6, 8]
   |- [12, 13]
   |- [15, 32, 38]
   |- [40, 62, 77]
   `- [86, 92, 95, 96]
Insert 76
`- [12, 15, 40, 86]
   |- [6, 8]
   |- [12, 13]
   |- [15, 32, 38]
   |- [40, 62, 76, 77]
   `- [86, 92, 95, 96]
Insert 47
`- [40]
   |- [12, 15]
   |  |- [6, 8]
   |  |- [12, 13]
   |  `- [15, 32, 38]
   `- [62, 86]
      |- [40, 47]
      |- [62, 76, 77]
      `- [86, 92, 95, 96]
Insert 3
`- [40]
   |- [12, 15]
   |  |- [3, 6, 8]
   |  |- [12, 13]
   |  `- [15, 32, 38]
   `- [62, 86]
      |- [40, 47]
      |- [62, 76, 77]
      `- [86, 92, 95, 96]
Insert 33
`- [40]
   |- [12, 15]
   |  |- [3, 6, 8]
   |  |- [12, 13]
   |  `- [15, 32, 33, 38]
   `- [62, 86]
      |- [40, 47]
      |- [62, 76, 77]
      `- [86, 92, 95, 96]
Insert 56
`- [40]
   |- [12, 15]
   |  |- [3, 6, 8]
   |  |- [12, 13]
   |  `- [15, 32, 33, 38]
   `- [62, 86]
      |- [40, 47, 56]
      |- [62, 76, 77]
      `- [86, 92, 95, 96]
Insert 4
`- [40]
   |- [12, 15]
   |  |- [3, 4, 6, 8]
   |  |- [12, 13]
   |  `- [15, 32, 33, 38]
   `- [62, 86]
      |- [40, 47, 56]
      |- [62, 76, 77]
      `- [86, 92, 95, 96]
Insert 69
`- [40]
   |- [12, 15]
   |  |- [3, 4, 6, 8]
   |  |- [12, 13]
   |  `- [15, 32, 33, 38]
   `- [62, 86]
      |- [40, 47, 56]
      |- [62, 69, 76, 77]
      `- [86, 92, 95, 96]
Insert 0
`- [40]
   |- [4, 12, 15]
   |  |- [0, 3]
   |  |- [4, 6, 8]
   |  |- [12, 13]
   |  `- [15, 32, 33, 38]
   `- [62, 86]
      |- [40, 47, 56]
      |- [62, 69, 76, 77]
      `- [86, 92, 95, 96]
Insert 72
`- [40]
   |- [4, 12, 15]
   |  |- [0, 3]
   |  |- [4, 6, 8]
   |  |- [12, 13]
   |  `- [15, 32, 33, 38]
   `- [62, 72, 86]
      |- [40, 47, 56]
      |- [62, 69]
      |- [72, 76, 77]
      `- [86, 92, 95, 96]
Insert 87
`- [40]
   |- [4, 12, 15]
   |  |- [0, 3]
   |  |- [4, 6, 8]
   |  |- [12, 13]
   |  `- [15, 32, 33, 38]
   `- [62, 72, 86, 92]
      |- [40, 47, 56]
      |- [62, 69]
      |- [72, 76, 77]
      |- [86, 87]
      `- [92, 95, 96]
Insert 63
`- [40]
   |- [4, 12, 15]
   |  |- [0, 3]
   |  |- [4, 6, 8]
   |  |- [12, 13]
   |  `- [15, 32, 33, 38]
   `- [62, 72, 86, 92]
      |- [40, 47, 56]
      |- [62, 63, 69]
      |- [72, 76, 77]
      |- [86, 87]
      `- [92, 95, 96]
Insert 91
`- [40]
   |- [4, 12, 15]
   |  |- [0, 3]
   |  |- [4, 6, 8]
   |  |- [12, 13]
   |  `- [15, 32, 33, 38]
   `- [62, 72, 86, 92]
      |- [40, 47, 56]
      |- [62, 63, 69]
      |- [72, 76, 77]
      |- [86, 87, 91]
      `- [92, 95, 96]
Insert 2
`- [40]
   |- [4, 12, 15]
   |  |- [0, 2, 3]
   |  |- [4, 6, 8]
   |  |- [12, 13]
   |  `- [15, 32, 33, 38]
   `- [62, 72, 86, 92]
      |- [40, 47, 56]
      |- [62, 63, 69]
      |- [72, 76, 77]
      |- [86, 87, 91]
      `- [92, 95, 96]
Insert 54
`- [40]
   |- [4, 12, 15]
   |  |- [0, 2, 3]
   |  |- [4, 6, 8]
   |  |- [12, 13]
   |  `- [15, 32, 33, 38]
   `- [62, 72, 86, 92]
      |- [40, 47, 54, 56]
      |- [62, 63, 69]
      |- [72, 76, 77]
      |- [86, 87, 91]
      `- [92, 95, 96]
Insert 30
`- [40]
   |- [4, 12, 15, 32]
   |  |- [0, 2, 3]
   |  |- [4, 6, 8]
   |  |- [12, 13]
   |  |- [15, 30]
   |  `- [32, 33, 38]
   `- [62, 72, 86, 92]
      |- [40, 47, 54, 56]
      |- [62, 63, 69]
      |- [72, 76, 77]
      |- [86, 87, 91]
      `- [92, 95, 96]
Insert 58
`- [40, 72]
   |- [4, 12, 15, 32]
   |  |- [0, 2, 3]
   |  |- [4, 6, 8]
   |  |- [12, 13]
   |  |- [15, 30]
   |  `- [32, 33, 38]
   |- [54, 62]
   |  |- [40, 47]
   |  |- [54, 56, 58]
   |  `- [62, 63, 69]
   `- [86, 92]
      |- [72, 76, 77]
      |- [86, 87, 91]
      `- [92, 95, 96]
Insert 73
`- [40, 72]
   |- [4, 12, 15, 32]
   |  |- [0, 2, 3]
   |  |- [4, 6, 8]
   |  |- [12, 13]
   |  |- [15, 30]
   |  `- [32, 33, 38]
   |- [54, 62]
   |  |- [40, 47]
   |  |- [54, 56, 58]
   |  `- [62, 63, 69]
   `- [86, 92]
      |- [72, 73, 76, 77]
      |- [86, 87, 91]
      `- [92, 95, 96]
Insert 98
`- [40, 72]
   |- [4, 12, 15, 32]
   |  |- [0, 2, 3]
   |  |- [4, 6, 8]
   |  |- [12, 13]
   |  |- [15, 30]
   |  `- [32, 33, 38]
   |- [54, 62]
   |  |- [40, 47]
   |  |- [54, 56, 58]
   |  `- [62, 63, 69]
   `- [86, 92]
      |- [72, 73, 76, 77]
      |- [86, 87, 91]
      `- [92, 95, 96, 98]
Insert 10
`- [40, 72]
   |- [4, 12, 15, 32]
   |  |- [0, 2, 3]
   |  |- [4, 6, 8, 10]
   |  |- [12, 13]
   |  |- [15, 30]
   |  `- [32, 33, 38]
   |- [54, 62]
   |  |- [40, 47]
   |  |- [54, 56, 58]
   |  `- [62, 63, 69]
   `- [86, 92]
      |- [72, 73, 76, 77]
      |- [86, 87, 91]
      `- [92, 95, 96, 98]
Insert 84
`- [40, 72]
   |- [4, 12, 15, 32]
   |  |- [0, 2, 3]
   |  |- [4, 6, 8, 10]
   |  |- [12, 13]
   |  |- [15, 30]
   |  `- [32, 33, 38]
   |- [54, 62]
   |  |- [40, 47]
   |  |- [54, 56, 58]
   |  `- [62, 63, 69]
   `- [76, 86, 92]
      |- [72, 73]
      |- [76, 77, 84]
      |- [86, 87, 91]
      `- [92, 95, 96, 98]
Insert 16
`- [40, 72]
   |- [4, 12, 15, 32]
   |  |- [0, 2, 3]
   |  |- [4, 6, 8, 10]
   |  |- [12, 13]
   |  |- [15, 16, 30]
   |  `- [32, 33, 38]
   |- [54, 62]
   |  |- [40, 47]
   |  |- [54, 56, 58]
   |  `- [62, 63, 69]
   `- [76, 86, 92]
      |- [72, 73]
      |- [76, 77, 84]
      |- [86, 87, 91]
      `- [92, 95, 96, 98]
Insert 88
`- [40, 72]
   |- [4, 12, 15, 32]
   |  |- [0, 2, 3]
   |  |- [4, 6, 8, 10]
   |  |- [12, 13]
   |  |- [15, 16, 30]
   |  `- [32, 33, 38]
   |- [54, 62]
   |  |- [40, 47]
   |  |- [54, 56, 58]
   |  `- [62, 63, 69]
   `- [76, 86, 92]
      |- [72, 73]
      |- [76, 77, 84]
      |- [86, 87, 88, 91]
      `- [92, 95, 96, 98]
Insert 48
`- [40, 72]
   |- [4, 12, 15, 32]
   |  |- [0, 2, 3]
   |  |- [4, 6, 8, 10]
   |  |- [12, 13]
   |  |- [15, 16, 30]
   |  `- [32, 33, 38]
   |- [54, 62]
   |  |- [40, 47, 48]
   |  |- [54, 56, 58]
   |  `- [62, 63, 69]
   `- [76, 86, 92]
      |- [72, 73]
      |- [76, 77, 84]
      |- [86, 87, 88, 91]
      `- [92, 95, 96, 98]
Insert 19
`- [40, 72]
   |- [4, 12, 15, 32]
   |  |- [0, 2, 3]
   |  |- [4, 6, 8, 10]
   |  |- [12, 13]
   |  |- [15, 16, 19, 30]
   |  `- [32, 33, 38]
   |- [54, 62]
   |  |- [40, 47, 48]
   |  |- [54, 56, 58]
   |  `- [62, 63, 69]
   `- [76, 86, 92]
      |- [72, 73]
      |- [76, 77, 84]
      |- [86, 87, 88, 91]
      `- [92, 95, 96, 98]
Insert 49
`- [40, 72]
   |- [4, 12, 15, 32]
   |  |- [0, 2, 3]
   |  |- [4, 6, 8, 10]
   |  |- [12, 13]
   |  |- [15, 16, 19, 30]
   |  `- [32, 33, 38]
   |- [54, 62]
   |  |- [40, 47, 48, 49]
   |  |- [54, 56, 58]
   |  `- [62, 63, 69]
   `- [76, 86, 92]
      |- [72, 73]
      |- [76, 77, 84]
      |- [86, 87, 88, 91]
      `- [92, 95, 96, 98]
Insert 78
`- [40, 72]
   |- [4, 12, 15, 32]
   |  |- [0, 2, 3]
   |  |- [4, 6, 8, 10]
   |  |- [12, 13]
   |  |- [15, 16, 19, 30]
   |  `- [32, 33, 38]
   |- [54, 62]
   |  |- [40, 47, 48, 49]
   |  |- [54, 56, 58]
   |  `- [62, 63, 69]
   `- [76, 86, 92]
      |- [72, 73]
      |- [76, 77, 78, 84]
      |- [86, 87, 88, 91]
      `- [92, 95, 96, 98]
Insert 57
`- [40, 72]
   |- [4, 12, 15, 32]
   |  |- [0, 2, 3]
   |  |- [4, 6, 8, 10]
   |  |- [12, 13]
   |  |- [15, 16, 19, 30]
   |  `- [32, 33, 38]
   |- [54, 62]
   |  |- [40, 47, 48, 49]
   |  |- [54, 56, 57, 58]
   |  `- [62, 63, 69]
   `- [76, 86, 92]
      |- [72, 73]
      |- [76, 77, 78, 84]
      |- [86, 87, 88, 91]
      `- [92, 95, 96, 98]
Insert 14
`- [40, 72]
   |- [4, 12, 15, 32]
   |  |- [0, 2, 3]
   |  |- [4, 6, 8, 10]
   |  |- [12, 13, 14]
   |  |- [15, 16, 19, 30]
   |  `- [32, 33, 38]
   |- [54, 62]
   |  |- [40, 47, 48, 49]
   |  |- [54, 56, 57, 58]
   |  `- [62, 63, 69]
   `- [76, 86, 92]
      |- [72, 73]
      |- [76, 77, 78, 84]
      |- [86, 87, 88, 91]
      `- [92, 95, 96, 98]
Insert 94
`- [40, 72]
   |- [4, 12, 15, 32]
   |  |- [0, 2, 3]
   |  |- [4, 6, 8, 10]
   |  |- [12, 13, 14]
   |  |- [15, 16, 19, 30]
   |  `- [32, 33, 38]
   |- [54, 62]
   |  |- [40, 47, 48, 49]
   |  |- [54, 56, 57, 58]
   |  `- [62, 63, 69]
   `- [76, 86, 92, 95]
      |- [72, 73]
      |- [76, 77, 78, 84]
      |- [86, 87, 88, 91]
      |- [92, 94]
      `- [95, 96, 98]
Insert 97
`- [40, 72]
   |- [4, 12, 15, 32]
   |  |- [0, 2, 3]
   |  |- [4, 6, 8, 10]
   |  |- [12, 13, 14]
   |  |- [15, 16, 19, 30]
   |  `- [32, 33, 38]
   |- [54, 62]
   |  |- [40, 47, 48, 49]
   |  |- [54, 56, 57, 58]
   |  `- [62, 63, 69]
   `- [76, 86, 92, 95]
      |- [72, 73]
      |- [76, 77, 78, 84]
      |- [86, 87, 88, 91]
      |- [92, 94]
      `- [95, 96, 97, 98]
Insert 67
`- [40, 72]
   |- [4, 12, 15, 32]
   |  |- [0, 2, 3]
   |  |- [4, 6, 8, 10]
   |  |- [12, 13, 14]
   |  |- [15, 16, 19, 30]
   |  `- [32, 33, 38]
   |- [54, 62]
   |  |- [40, 47, 48, 49]
   |  |- [54, 56, 57, 58]
   |  `- [62, 63, 67, 69]
   `- [76, 86, 92, 95]
      |- [72, 73]
      |- [76, 77, 78, 84]
      |- [86, 87, 88, 91]
      |- [92, 94]
      `- [95, 96, 97, 98]
Insert 37
`- [40, 72]
   |- [4, 12, 15, 32]
   |  |- [0, 2, 3]
   |  |- [4, 6, 8, 10]
   |  |- [12, 13, 14]
   |  |- [15, 16, 19, 30]
   |  `- [32, 33, 37, 38]
   |- [54, 62]
   |  |- [40, 47, 48, 49]
   |  |- [54, 56, 57, 58]
   |  `- [62, 63, 67, 69]
   `- [76, 86, 92, 95]
      |- [72, 73]
      |- [76, 77, 78, 84]
      |- [86, 87, 88, 91]
      |- [92, 94]
      `- [95, 96, 97, 98]
Insert 74
`- [40, 72]
   |- [4, 12, 15, 32]
   |  |- [0, 2, 3]
   |  |- [4, 6, 8, 10]
   |  |- [12, 13, 14]
   |  |- [15, 16, 19, 30]
   |  `- [32, 33, 37, 38]
   |- [54, 62]
   |  |- [40, 47, 48, 49]
   |  |- [54, 56, 57, 58]
   |  `- [62, 63, 67, 69]
   `- [76, 86, 92, 95]
      |- [72, 73, 74]
      |- [76, 77, 78, 84]
      |- [86, 87, 88, 91]
      |- [92, 94]
      `- [95, 96, 97, 98]
Insert 70
`- [40, 72]
   |- [4, 12, 15, 32]
   |  |- [0, 2, 3]
   |  |- [4, 6, 8, 10]
   |  |- [12, 13, 14]
   |  |- [15, 16, 19, 30]
   |  `- [32, 33, 37, 38]
   |- [54, 62, 67]
   |  |- [40, 47, 48, 49]
   |  |- [54, 56, 57, 58]
   |  |- [62, 63]
   |  `- [67, 69, 70]
   `- [76, 86, 92, 95]
      |- [72, 73, 74]
      |- [76, 77, 78, 84]
      |- [86, 87, 88, 91]
      |- [92, 94]
      `- [95, 96, 97, 98]
Insert 51
`- [40, 72]
   |- [4, 12, 15, 32]
   |  |- [0, 2, 3]
   |  |- [4, 6, 8, 10]
   |  |- [12, 13, 14]
   |  |- [15, 16, 19, 30]
   |  `- [32, 33, 37, 38]
   |- [48, 54, 62, 67]
   |  |- [40, 47]
   |  |- [48, 49, 51]
   |  |- [54, 56, 57, 58]
   |  |- [62, 63]
   |  `- [67, 69, 70]
   `- [76, 86, 92, 95]
      |- [72, 73, 74]
      |- [76, 77, 78, 84]
      |- [86, 87, 88, 91]
      |- [92, 94]
      `- [95, 96, 97, 98]
Insert 28
`- [15, 40, 72]
   |- [4, 12]
   |  |- [0, 2, 3]
   |  |- [4, 6, 8, 10]
   |  `- [12, 13, 14]
   |- [19, 32]
   |  |- [15, 16]
   |  |- [19, 28, 30]
   |  `- [32, 33, 37, 38]
   |- [48, 54, 62, 67]
   |  |- [40, 47]
   |  |- [48, 49, 51]
   |  |- [54, 56, 57, 58]
   |  |- [62, 63]
   |  `- [67, 69, 70]
   `- [76, 86, 92, 95]
      |- [72, 73, 74]
      |- [76, 77, 78, 84]
      |- [86, 87, 88, 91]
      |- [92, 94]
      `- [95, 96, 97, 98]
Insert 29
`- [15, 40, 72]
   |- [4, 12]
   |  |- [0, 2, 3]
   |  |- [4, 6, 8, 10]
   |  `- [12, 13, 14]
   |- [19, 32]
   |  |- [15, 16]
   |  |- [19, 28, 29, 30]
   |  `- [32, 33, 37, 38]
   |- [48, 54, 62, 67]
   |  |- [40, 47]
   |  |- [48, 49, 51]
   |  |- [54, 56, 57, 58]
   |  |- [62, 63]
   |  `- [67, 69, 70]
   `- [76, 86, 92, 95]
      |- [72, 73, 74]
      |- [76, 77, 78, 84]
      |- [86, 87, 88, 91]
      |- [92, 94]
      `- [95, 96, 97, 98]
Insert 45
`- [15, 40, 72]
   |- [4, 12]
   |  |- [0, 2, 3]
   |  |- [4, 6, 8, 10]
   |  `- [12, 13, 14]
   |- [19, 32]
   |  |- [15, 16]
   |  |- [19, 28, 29, 30]
   |  `- [32, 33, 37, 38]
   |- [48, 54, 62, 67]
   |  |- [40, 45, 47]
   |  |- [48, 49, 51]
   |  |- [54, 56, 57, 58]
   |  |- [62, 63]
   |  `- [67, 69, 70]
   `- [76, 86, 92, 95]
      |- [72, 73, 74]
      |- [76, 77, 78, 84]
      |- [86, 87, 88, 91]
      |- [92, 94]
      `- [95, 96, 97, 98]
Insert 21
`- [15, 40, 72]
   |- [4, 12]
   |  |- [0, 2, 3]
   |  |- [4, 6, 8, 10]
   |  `- [12, 13, 14]
   |- [19, 28, 32]
   |  |- [15, 16]
   |  |- [19, 21]
   |  |- [28, 29, 30]
   |  `- [32, 33, 37, 38]
   |- [48, 54, 62, 67]
   |  |- [40, 45, 47]
   |  |- [48, 49, 51]
   |  |- [54, 56, 57, 58]
   |  |- [62, 63]
   |  `- [67, 69, 70]
   `- [76, 86, 92, 95]
      |- [72, 73, 74]
      |- [76, 77, 78, 84]
      |- [86, 87, 88, 91]
      |- [92, 94]
      `- [95, 96, 97, 98]
Insert 83
`- [15, 40, 72, 86]
   |- [4, 12]
   |  |- [0, 2, 3]
   |  |- [4, 6, 8, 10]
   |  `- [12, 13, 14]
   |- [19, 28, 32]
   |  |- [15, 16]
   |  |- [19, 21]
   |  |- [28, 29, 30]
   |  `- [32, 33, 37, 38]
   |- [48, 54, 62, 67]
   |  |- [40, 45, 47]
   |  |- [48, 49, 51]
   |  |- [54, 56, 57, 58]
   |  |- [62, 63]
   |  `- [67, 69, 70]
   |- [76, 78]
   |  |- [72, 73, 74]
   |  |- [76, 77]
   |  `- [78, 83, 84]
   `- [92, 95]
      |- [86, 87, 88, 91]
      |- [92, 94]
      `- [95, 96, 97, 98]
Insert 80
`- [15, 40, 72, 86]
   |- [4, 12]
   |  |- [0, 2, 3]
   |  |- [4, 6, 8, 10]
   |  `- [12, 13, 14]
   |- [19, 28, 32]
   |  |- [15, 16]
   |  |- [19, 21]
   |  |- [28, 29, 30]
   |  `- [32, 33, 37, 38]
   |- [48, 54, 62, 67]
   |  |- [40, 45, 47]
   |  |- [48, 49, 51]
   |  |- [54, 56, 57, 58]
   |  |- [62, 63]
   |  `- [67, 69, 70]
   |- [76, 78]
   |  |- [72, 73, 74]
   |  |- [76, 77]
   |  `- [78, 80, 83, 84]
   `- [92, 95]
      |- [86, 87, 88, 91]
      |- [92, 94]
      `- [95, 96, 97, 98]
Insert 17
`- [15, 40, 72, 86]
   |- [4, 12]
   |  |- [0, 2, 3]
   |  |- [4, 6, 8, 10]
   |  `- [12, 13, 14]
   |- [19, 28, 32]
   |  |- [15, 16, 17]
   |  |- [19, 21]
   |  |- [28, 29, 30]
   |  `- [32, 33, 37, 38]
   |- [48, 54, 62, 67]
   |  |- [40, 45, 47]
   |  |- [48, 49, 51]
   |  |- [54, 56, 57, 58]
   |  |- [62, 63]
   |  `- [67, 69, 70]
   |- [76, 78]
   |  |- [72, 73, 74]
   |  |- [76, 77]
   |  `- [78, 80, 83, 84]
   `- [92, 95]
      |- [86, 87, 88, 91]
      |- [92, 94]
      `- [95, 96, 97, 98]
Insert 36
`- [15, 40, 72, 86]
   |- [4, 12]
   |  |- [0, 2, 3]
   |  |- [4, 6, 8, 10]
   |  `- [12, 13, 14]
   |- [19, 28, 32, 36]
   |  |- [15, 16, 17]
   |  |- [19, 21]
   |  |- [28, 29, 30]
   |  |- [32, 33]
   |  `- [36, 37, 38]
   |- [48, 54, 62, 67]
   |  |- [40, 45, 47]
   |  |- [48, 49, 51]
   |  |- [54, 56, 57, 58]
   |  |- [62, 63]
   |  `- [67, 69, 70]
   |- [76, 78]
   |  |- [72, 73, 74]
   |  |- [76, 77]
   |  `- [78, 80, 83, 84]
   `- [92, 95]
      |- [86, 87, 88, 91]
      |- [92, 94]
      `- [95, 96, 97, 98]
Insert 39
`- [15, 40, 72, 86]
   |- [4, 12]
   |  |- [0, 2, 3]
   |  |- [4, 6, 8, 10]
   |  `- [12, 13, 14]
   |- [19, 28, 32, 36]
   |  |- [15, 16, 17]
   |  |- [19, 21]
   |  |- [28, 29, 30]
   |  |- [32, 33]
   |  `- [36, 37, 38, 39]
   |- [48, 54, 62, 67]
   |  |- [40, 45, 47]
   |  |- [48, 49, 51]
   |  |- [54, 56, 57, 58]
   |  |- [62, 63]
   |  `- [67, 69, 70]
   |- [76, 78]
   |  |- [72, 73, 74]
   |  |- [76, 77]
   |  `- [78, 80, 83, 84]
   `- [92, 95]
      |- [86, 87, 88, 91]
      |- [92, 94]
      `- [95, 96, 97, 98]
Insert 44
`- [15, 40, 72, 86]
   |- [4, 12]
   |  |- [0, 2, 3]
   |  |- [4, 6, 8, 10]
   |  `- [12, 13, 14]
   |- [19, 28, 32, 36]
   |  |- [15, 16, 17]
   |  |- [19, 21]
   |  |- [28, 29, 30]
   |  |- [32, 33]
   |  `- [36, 37, 38, 39]
   |- [48, 54, 62, 67]
   |  |- [40, 44, 45, 47]
   |  |- [48, 49, 51]
   |  |- [54, 56, 57, 58]
   |  |- [62, 63]
   |  `- [67, 69, 70]
   |- [76, 78]
   |  |- [72, 73, 74]
   |  |- [76, 77]
   |  `- [78, 80, 83, 84]
   `- [92, 95]
      |- [86, 87, 88, 91]
      |- [92, 94]
      `- [95, 96, 97, 98]
Insert 25
`- [15, 40, 72, 86]
   |- [4, 12]
   |  |- [0, 2, 3]
   |  |- [4, 6, 8, 10]
   |  `- [12, 13, 14]
   |- [19, 28, 32, 36]
   |  |- [15, 16, 17]
   |  |- [19, 21, 25]
   |  |- [28, 29, 30]
   |  |- [32, 33]
   |  `- [36, 37, 38, 39]
   |- [48, 54, 62, 67]
   |  |- [40, 44, 45, 47]
   |  |- [48, 49, 51]
   |  |- [54, 56, 57, 58]
   |  |- [62, 63]
   |  `- [67, 69, 70]
   |- [76, 78]
   |  |- [72, 73, 74]
   |  |- [76, 77]
   |  `- [78, 80, 83, 84]
   `- [92, 95]
      |- [86, 87, 88, 91]
      |- [92, 94]
      `- [95, 96, 97, 98]
Insert 68
`- [15, 40, 72, 86]
   |- [4, 12]
   |  |- [0, 2, 3]
   |  |- [4, 6, 8, 10]
   |  `- [12, 13, 14]
   |- [19, 28, 32, 36]
   |  |- [15, 16, 17]
   |  |- [19, 21, 25]
   |  |- [28, 29, 30]
   |  |- [32, 33]
   |  `- [36, 37, 38, 39]
   |- [48, 54, 62, 67]
   |  |- [40, 44, 45, 47]
   |  |- [48, 49, 51]
   |  |- [54, 56, 57, 58]
   |  |- [62, 63]
   |  `- [67, 68, 69, 70]
   |- [76, 78]
   |  |- [72, 73, 74]
   |  |- [76, 77]
   |  `- [78, 80, 83, 84]
   `- [92, 95]
      |- [86, 87, 88, 91]
      |- [92, 94]
      `- [95, 96, 97, 98]
Insert 55
`- [56]
   |- [15, 40]
   |  |- [4, 12]
   |  |  |- [0, 2, 3]
   |  |  |- [4, 6, 8, 10]
   |  |  `- [12, 13, 14]
   |  |- [19, 28, 32, 36]
   |  |  |- [15, 16, 17]
   |  |  |- [19, 21, 25]
   |  |  |- [28, 29, 30]
   |  |  |- [32, 33]
   |  |  `- [36, 37, 38, 39]
   |  `- [48, 54]
   |     |- [40, 44, 45, 47]
   |     |- [48, 49, 51]
   |     `- [54, 55]
   `- [72, 86]
      |- [62, 67]
      |  |- [56, 57, 58]
      |  |- [62, 63]
      |  `- [67, 68, 69, 70]
      |- [76, 78]
      |  |- [72, 73, 74]
      |  |- [76, 77]
      |  `- [78, 80, 83, 84]
      `- [92, 95]
         |- [86, 87, 88, 91]
         |- [92, 94]
         `- [95, 96, 97, 98]
Insert 60
`- [56]
   |- [15, 40]
   |  |- [4, 12]
   |  |  |- [0, 2, 3]
   |  |  |- [4, 6, 8, 10]
   |  |  `- [12, 13, 14]
   |  |- [19, 28, 32, 36]
   |  |  |- [15, 16, 17]
   |  |  |- [19, 21, 25]
   |  |  |- [28, 29, 30]
   |  |  |- [32, 33]
   |  |  `- [36, 37, 38, 39]
   |  `- [48, 54]
   |     |- [40, 44, 45, 47]
   |     |- [48, 49, 51]
   |     `- [54, 55]
   `- [72, 86]
      |- [62, 67]
      |  |- [56, 57, 58, 60]
      |  |- [62, 63]
      |  `- [67, 68, 69, 70]
      |- [76, 78]
      |  |- [72, 73, 74]
      |  |- [76, 77]
      |  `- [78, 80, 83, 84]
      `- [92, 95]
         |- [86, 87, 88, 91]
         |- [92, 94]
         `- [95, 96, 97, 98]
Insert 65
`- [56]
   |- [15, 40]
   |  |- [4, 12]
   |  |  |- [0, 2, 3]
   |  |  |- [4, 6, 8, 10]
   |  |  `- [12, 13, 14]
   |  |- [19, 28, 32, 36]
   |  |  |- [15, 16, 17]
   |  |  |- [19, 21, 25]
   |  |  |- [28, 29, 30]
   |  |  |- [32, 33]
   |  |  `- [36, 37, 38, 39]
   |  `- [48, 54]
   |     |- [40, 44, 45, 47]
   |     |- [48, 49, 51]
   |     `- [54, 55]
   `- [72, 86]
      |- [62, 67]
      |  |- [56, 57, 58, 60]
      |  |- [62, 63, 65]
      |  `- [67, 68, 69, 70]
      |- [76, 78]
      |  |- [72, 73, 74]
      |  |- [76, 77]
      |  `- [78, 80, 83, 84]
      `- [92, 95]
         |- [86, 87, 88, 91]
         |- [92, 94]
         `- [95, 96, 97, 98]
Insert 23
`- [56]
   |- [15, 40]
   |  |- [4, 12]
   |  |  |- [0, 2, 3]
   |  |  |- [4, 6, 8, 10]
   |  |  `- [12, 13, 14]
   |  |- [19, 28, 32, 36]
   |  |  |- [15, 16, 17]
   |  |  |- [19, 21, 23, 25]
   |  |  |- [28, 29, 30]
   |  |  |- [32, 33]
   |  |  `- [36, 37, 38, 39]
   |  `- [48, 54]
   |     |- [40, 44, 45, 47]
   |     |- [48, 49, 51]
   |     `- [54, 55]
   `- [72, 86]
      |- [62, 67]
      |  |- [56, 57, 58, 60]
      |  |- [62, 63, 65]
      |  `- [67, 68, 69, 70]
      |- [76, 78]
      |  |- [72, 73, 74]
      |  |- [76, 77]
      |  `- [78, 80, 83, 84]
      `- [92, 95]
         |- [86, 87, 88, 91]
         |- [92, 94]
         `- [95, 96, 97, 98]
Insert 99
`- [56]
   |- [15, 40]
   |  |- [4, 12]
   |  |  |- [0, 2, 3]
   |  |  |- [4, 6, 8, 10]
   |  |  `- [12, 13, 14]
   |  |- [19, 28, 32, 36]
   |  |  |- [15, 16, 17]
   |  |  |- [19, 21, 23, 25]
   |  |  |- [28, 29, 30]
   |  |  |- [32, 33]
   |  |  `- [36, 37, 38, 39]
   |  `- [48, 54]
   |     |- [40, 44, 45, 47]
   |     |- [48, 49, 51]
   |     `- [54, 55]
   `- [72, 86]
      |- [62, 67]
      |  |- [56, 57, 58, 60]
      |  |- [62, 63, 65]
      |  `- [67, 68, 69, 70]
      |- [76, 78]
      |  |- [72, 73, 74]
      |  |- [76, 77]
      |  `- [78, 80, 83, 84]
      `- [92, 95, 97]
         |- [86, 87, 88, 91]
         |- [92, 94]
         |- [95, 96]
         `- [97, 98, 99]
Insert 81
`- [56]
   |- [15, 40]
   |  |- [4, 12]
   |  |  |- [0, 2, 3]
   |  |  |- [4, 6, 8, 10]
   |  |  `- [12, 13, 14]
   |  |- [19, 28, 32, 36]
   |  |  |- [15, 16, 17]
   |  |  |- [19, 21, 23, 25]
   |  |  |- [28, 29, 30]
   |  |  |- [32, 33]
   |  |  `- [36, 37, 38, 39]
   |  `- [48, 54]
   |     |- [40, 44, 45, 47]
   |     |- [48, 49, 51]
   |     `- [54, 55]
   `- [72, 86]
      |- [62, 67]
      |  |- [56, 57, 58, 60]
      |  |- [62, 63, 65]
      |  `- [67, 68, 69, 70]
      |- [76, 78, 81]
      |  |- [72, 73, 74]
      |  |- [76, 77]
      |  |- [78, 80]
      |  `- [81, 83, 84]
      `- [92, 95, 97]
         |- [86, 87, 88, 91]
         |- [92, 94]
         |- [95, 96]
         `- [97, 98, 99]
Insert 9
`- [56]
   |- [15, 40]
   |  |- [4, 8, 12]
   |  |  |- [0, 2, 3]
   |  |  |- [4, 6]
   |  |  |- [8, 9, 10]
   |  |  `- [12, 13, 14]
   |  |- [19, 28, 32, 36]
   |  |  |- [15, 16, 17]
   |  |  |- [19, 21, 23, 25]
   |  |  |- [28, 29, 30]
   |  |  |- [32, 33]
   |  |  `- [36, 37, 38, 39]
   |  `- [48, 54]
   |     |- [40, 44, 45, 47]
   |     |- [48, 49, 51]
   |     `- [54, 55]
   `- [72, 86]
      |- [62, 67]
      |  |- [56, 57, 58, 60]
      |  |- [62, 63, 65]
      |  `- [67, 68, 69, 70]
      |- [76, 78, 81]
      |  |- [72, 73, 74]
      |  |- [76, 77]
      |  |- [78, 80]
      |  `- [81, 83, 84]
      `- [92, 95, 97]
         |- [86, 87, 88, 91]
         |- [92, 94]
         |- [95, 96]
         `- [97, 98, 99]
Insert 75
`- [56]
   |- [15, 40]
   |  |- [4, 8, 12]
   |  |  |- [0, 2, 3]
   |  |  |- [4, 6]
   |  |  |- [8, 9, 10]
   |  |  `- [12, 13, 14]
   |  |- [19, 28, 32, 36]
   |  |  |- [15, 16, 17]
   |  |  |- [19, 21, 23, 25]
   |  |  |- [28, 29, 30]
   |  |  |- [32, 33]
   |  |  `- [36, 37, 38, 39]
   |  `- [48, 54]
   |     |- [40, 44, 45, 47]
   |     |- [48, 49, 51]
   |     `- [54, 55]
   `- [72, 86]
      |- [62, 67]
      |  |- [56, 57, 58, 60]
      |  |- [62, 63, 65]
      |  `- [67, 68, 69, 70]
      |- [76, 78, 81]
      |  |- [72, 73, 74, 75]
      |  |- [76, 77]
      |  |- [78, 80]
      |  `- [81, 83, 84]
      `- [92, 95, 97]
         |- [86, 87, 88, 91]
         |- [92, 94]
         |- [95, 96]
         `- [97, 98, 99]
Insert 5
`- [56]
   |- [15, 40]
   |  |- [4, 8, 12]
   |  |  |- [0, 2, 3]
   |  |  |- [4, 5, 6]
   |  |  |- [8, 9, 10]
   |  |  `- [12, 13, 14]
   |  |- [19, 28, 32, 36]
   |  |  |- [15, 16, 17]
   |  |  |- [19, 21, 23, 25]
   |  |  |- [28, 29, 30]
   |  |  |- [32, 33]
   |  |  `- [36, 37, 38, 39]
   |  `- [48, 54]
   |     |- [40, 44, 45, 47]
   |     |- [48, 49, 51]
   |     `- [54, 55]
   `- [72, 86]
      |- [62, 67]
      |  |- [56, 57, 58, 60]
      |  |- [62, 63, 65]
      |  `- [67, 68, 69, 70]
      |- [76, 78, 81]
      |  |- [72, 73, 74, 75]
      |  |- [76, 77]
      |  |- [78, 80]
      |  `- [81, 83, 84]
      `- [92, 95, 97]
         |- [86, 87, 88, 91]
         |- [92, 94]
         |- [95, 96]
         `- [97, 98, 99]
Insert 90
`- [56]
   |- [15, 40]
   |  |- [4, 8, 12]
   |  |  |- [0, 2, 3]
   |  |  |- [4, 5, 6]
   |  |  |- [8, 9, 10]
   |  |  `- [12, 13, 14]
   |  |- [19, 28, 32, 36]
   |  |  |- [15, 16, 17]
   |  |  |- [19, 21, 23, 25]
   |  |  |- [28, 29, 30]
   |  |  |- [32, 33]
   |  |  `- [36, 37, 38, 39]
   |  `- [48, 54]
   |     |- [40, 44, 45, 47]
   |     |- [48, 49, 51]
   |     `- [54, 55]
   `- [72, 86]
      |- [62, 67]
      |  |- [56, 57, 58, 60]
      |  |- [62, 63, 65]
      |  `- [67, 68, 69, 70]
      |- [76, 78, 81]
      |  |- [72, 73, 74, 75]
      |  |- [76, 77]
      |  |- [78, 80]
      |  `- [81, 83, 84]
      `- [88, 92, 95, 97]
         |- [86, 87]
         |- [88, 90, 91]
         |- [92, 94]
         |- [95, 96]
         `- [97, 98, 99]
Insert 24
`- [56]
   |- [15, 28, 40]
   |  |- [4, 8, 12]
   |  |  |- [0, 2, 3]
   |  |  |- [4, 5, 6]
   |  |  |- [8, 9, 10]
   |  |  `- [12, 13, 14]
   |  |- [19, 23]
   |  |  |- [15, 16, 17]
   |  |  |- [19, 21]
   |  |  `- [23, 24, 25]
   |  |- [32, 36]
   |  |  |- [28, 29, 30]
   |  |  |- [32, 33]
   |  |  `- [36, 37, 38, 39]
   |  `- [48, 54]
   |     |- [40, 44, 45, 47]
   |     |- [48, 49, 51]
   |     `- [54, 55]
   `- [72, 86]
      |- [62, 67]
      |  |- [56, 57, 58, 60]
      |  |- [62, 63, 65]
      |  `- [67, 68, 69, 70]
      |- [76, 78, 81]
      |  |- [72, 73, 74, 75]
      |  |- [76, 77]
      |  |- [78, 80]
      |  `- [81, 83, 84]
      `- [88, 92, 95, 97]
         |- [86, 87]
         |- [88, 90, 91]
         |- [92, 94]
         |- [95, 96]
         `- [97, 98, 99]
Insert 42
`- [56]
   |- [15, 28, 40]
   |  |- [4, 8, 12]
   |  |  |- [0, 2, 3]
   |  |  |- [4, 5, 6]
   |  |  |- [8, 9, 10]
   |  |  `- [12, 13, 14]
   |  |- [19, 23]
   |  |  |- [15, 16, 17]
   |  |  |- [19, 21]
   |  |  `- [23, 24, 25]
   |  |- [32, 36]
   |  |  |- [28, 29, 30]
   |  |  |- [32, 33]
   |  |  `- [36, 37, 38, 39]
   |  `- [44, 48, 54]
   |     |- [40, 42]
   |     |- [44, 45, 47]
   |     |- [48, 49, 51]
   |     `- [54, 55]
   `- [72, 86]
      |- [62, 67]
      |  |- [56, 57, 58, 60]
      |  |- [62, 63, 65]
      |  `- [67, 68, 69, 70]
      |- [76, 78, 81]
      |  |- [72, 73, 74, 75]
      |  |- [76, 77]
      |  |- [78, 80]
      |  `- [81, 83, 84]
      `- [88, 92, 95, 97]
         |- [86, 87]
         |- [88, 90, 91]
         |- [92, 94]
         |- [95, 96]
         `- [97, 98, 99]
Insert 64
`- [56]
   |- [15, 28, 40]
   |  |- [4, 8, 12]
   |  |  |- [0, 2, 3]
   |  |  |- [4, 5, 6]
   |  |  |- [8, 9, 10]
   |  |  `- [12, 13, 14]
   |  |- [19, 23]
   |  |  |- [15, 16, 17]
   |  |  |- [19, 21]
   |  |  `- [23, 24, 25]
   |  |- [32, 36]
   |  |  |- [28, 29, 30]
   |  |  |- [32, 33]
   |  |  `- [36, 37, 38, 39]
   |  `- [44, 48, 54]
   |     |- [40, 42]
   |     |- [44, 45, 47]
   |     |- [48, 49, 51]
   |     `- [54, 55]
   `- [72, 86]
      |- [62, 67]
      |  |- [56, 57, 58, 60]
      |  |- [62, 63, 64, 65]
      |  `- [67, 68, 69, 70]
      |- [76, 78, 81]
      |  |- [72, 73, 74, 75]
      |  |- [76, 77]
      |  |- [78, 80]
      |  `- [81, 83, 84]
      `- [88, 92, 95, 97]
         |- [86, 87]
         |- [88, 90, 91]
         |- [92, 94]
         |- [95, 96]
         `- [97, 98, 99]
Insert 85
`- [56]
   |- [15, 28, 40]
   |  |- [4, 8, 12]
   |  |  |- [0, 2, 3]
   |  |  |- [4, 5, 6]
   |  |  |- [8, 9, 10]
   |  |  `- [12, 13, 14]
   |  |- [19, 23]
   |  |  |- [15, 16, 17]
   |  |  |- [19, 21]
   |  |  `- [23, 24, 25]
   |  |- [32, 36]
   |  |  |- [28, 29, 30]
   |  |  |- [32, 33]
   |  |  `- [36, 37, 38, 39]
   |  `- [44, 48, 54]
   |     |- [40, 42]
   |     |- [44, 45, 47]
   |     |- [48, 49, 51]
   |     `- [54, 55]
   `- [72, 86]
      |- [62, 67]
      |  |- [56, 57, 58, 60]
      |  |- [62, 63, 64, 65]
      |  `- [67, 68, 69, 70]
      |- [76, 78, 81]
      |  |- [72, 73, 74, 75]
      |  |- [76, 77]
      |  |- [78, 80]
      |  `- [81, 83, 84, 85]
      `- [88, 92, 95, 97]
         |- [86, 87]
         |- [88, 90, 91]
         |- [92, 94]
         |- [95, 96]
         `- [97, 98, 99]
Insert 18
`- [56]
   |- [15, 28, 40]
   |  |- [4, 8, 12]
   |  |  |- [0, 2, 3]
   |  |  |- [4, 5, 6]
   |  |  |- [8, 9, 10]
   |  |  `- [12, 13, 14]
   |  |- [19, 23]
   |  |  |- [15, 16, 17, 18]
   |  |  |- [19, 21]
   |  |  `- [23, 24, 25]
   |  |- [32, 36]
   |  |  |- [28, 29, 30]
   |  |  |- [32, 33]
   |  |  `- [36, 37, 38, 39]
   |  `- [44, 48, 54]
   |     |- [40, 42]
   |     |- [44, 45, 47]
   |     |- [48, 49, 51]
   |     `- [54, 55]
   `- [72, 86]
      |- [62, 67]
      |  |- [56, 57, 58, 60]
      |  |- [62, 63, 64, 65]
      |  `- [67, 68, 69, 70]
      |- [76, 78, 81]
      |  |- [72, 73, 74, 75]
      |  |- [76, 77]
      |  |- [78, 80]
      |  `- [81, 83, 84, 85]
      `- [88, 92, 95, 97]
         |- [86, 87]
         |- [88, 90, 91]
         |- [92, 94]
         |- [95, 96]
         `- [97, 98, 99]
Insert 52
`- [56]
   |- [15, 28, 40]
   |  |- [4, 8, 12]
   |  |  |- [0, 2, 3]
   |  |  |- [4, 5, 6]
   |  |  |- [8, 9, 10]
   |  |  `- [12, 13, 14]
   |  |- [19, 23]
   |  |  |- [15, 16, 17, 18]
   |  |  |- [19, 21]
   |  |  `- [23, 24, 25]
   |  |- [32, 36]
   |  |  |- [28, 29, 30]
   |  |  |- [32, 33]
   |  |  `- [36, 37, 38, 39]
   |  `- [44, 48, 54]
   |     |- [40, 42]
   |     |- [44, 45, 47]
   |     |- [48, 49, 51, 52]
   |     `- [54, 55]
   `- [72, 86]
      |- [62, 67]
      |  |- [56, 57, 58, 60]
      |  |- [62, 63, 64, 65]
      |  `- [67, 68, 69, 70]
      |- [76, 78, 81]
      |  |- [72, 73, 74, 75]
      |  |- [76, 77]
      |  |- [78, 80]
      |  `- [81, 83, 84, 85]
      `- [88, 92, 95, 97]
         |- [86, 87]
         |- [88, 90, 91]
         |- [92, 94]
         |- [95, 96]
         `- [97, 98, 99]
Insert 89
`- [56]
   |- [15, 28, 40]
   |  |- [4, 8, 12]
   |  |  |- [0, 2, 3]
   |  |  |- [4, 5, 6]
   |  |  |- [8, 9, 10]
   |  |  `- [12, 13, 14]
   |  |- [19, 23]
   |  |  |- [15, 16, 17, 18]
   |  |  |- [19, 21]
   |  |  `- [23, 24, 25]
   |  |- [32, 36]
   |  |  |- [28, 29, 30]
   |  |  |- [32, 33]
   |  |  `- [36, 37, 38, 39]
   |  `- [44, 48, 54]
   |     |- [40, 42]
   |     |- [44, 45, 47]
   |     |- [48, 49, 51, 52]
   |     `- [54, 55]
   `- [72, 86]
      |- [62, 67]
      |  |- [56, 57, 58, 60]
      |  |- [62, 63, 64, 65]
      |  `- [67, 68, 69, 70]
      |- [76, 78, 81]
      |  |- [72, 73, 74, 75]
      |  |- [76, 77]
      |  |- [78, 80]
      |  `- [81, 83, 84, 85]
      `- [88, 92, 95, 97]
         |- [86, 87]
         |- [88, 89, 90, 91]
         |- [92, 94]
         |- [95, 96]
         `- [97, 98, 99]
Insert 50
`- [56]
   |- [15, 28, 40]
   |  |- [4, 8, 12]
   |  |  |- [0, 2, 3]
   |  |  |- [4, 5, 6]
   |  |  |- [8, 9, 10]
   |  |  `- [12, 13, 14]
   |  |- [19, 23]
   |  |  |- [15, 16, 17, 18]
   |  |  |- [19, 21]
   |  |  `- [23, 24, 25]
   |  |- [32, 36]
   |  |  |- [28, 29, 30]
   |  |  |- [32, 33]
   |  |  `- [36, 37, 38, 39]
   |  `- [44, 48, 50, 54]
   |     |- [40, 42]
   |     |- [44, 45, 47]
   |     |- [48, 49]
   |     |- [50, 51, 52]
   |     `- [54, 55]
   `- [72, 86]
      |- [62, 67]
      |  |- [56, 57, 58, 60]
      |  |- [62, 63, 64, 65]
      |  `- [67, 68, 69, 70]
      |- [76, 78, 81]
      |  |- [72, 73, 74, 75]
      |  |- [76, 77]
      |  |- [78, 80]
      |  `- [81, 83, 84, 85]
      `- [88, 92, 95, 97]
         |- [86, 87]
         |- [88, 89, 90, 91]
         |- [92, 94]
         |- [95, 96]
         `- [97, 98, 99]
Insert 26
`- [56]
   |- [15, 28, 40]
   |  |- [4, 8, 12]
   |  |  |- [0, 2, 3]
   |  |  |- [4, 5, 6]
   |  |  |- [8, 9, 10]
   |  |  `- [12, 13, 14]
   |  |- [19, 23]
   |  |  |- [15, 16, 17, 18]
   |  |  |- [19, 21]
   |  |  `- [23, 24, 25, 26]
   |  |- [32, 36]
   |  |  |- [28, 29, 30]
   |  |  |- [32, 33]
   |  |  `- [36, 37, 38, 39]
   |  `- [44, 48, 50, 54]
   |     |- [40, 42]
   |     |- [44, 45, 47]
   |     |- [48, 49]
   |     |- [50, 51, 52]
   |     `- [54, 55]
   `- [72, 86]
      |- [62, 67]
      |  |- [56, 57, 58, 60]
      |  |- [62, 63, 64, 65]
      |  `- [67, 68, 69, 70]
      |- [76, 78, 81]
      |  |- [72, 73, 74, 75]
      |  |- [76, 77]
      |  |- [78, 80]
      |  `- [81, 83, 84, 85]
      `- [88, 92, 95, 97]
         |- [86, 87]
         |- [88, 89, 90, 91]
         |- [92, 94]
         |- [95, 96]
         `- [97, 98, 99]
Insert 82
`- [56]
   |- [15, 28, 40]
   |  |- [4, 8, 12]
   |  |  |- [0, 2, 3]
   |  |  |- [4, 5, 6]
   |  |  |- [8, 9, 10]
   |  |  `- [12, 13, 14]
   |  |- [19, 23]
   |  |  |- [15, 16, 17, 18]
   |  |  |- [19, 21]
   |  |  `- [23, 24, 25, 26]
   |  |- [32, 36]
   |  |  |- [28, 29, 30]
   |  |  |- [32, 33]
   |  |  `- [36, 37, 38, 39]
   |  `- [44, 48, 50, 54]
   |     |- [40, 42]
   |     |- [44, 45, 47]
   |     |- [48, 49]
   |     |- [50, 51, 52]
   |     `- [54, 55]
   `- [72, 86]
      |- [62, 67]
      |  |- [56, 57, 58, 60]
      |  |- [62, 63, 64, 65]
      |  `- [67, 68, 69, 70]
      |- [76, 78, 81, 83]
      |  |- [72, 73, 74, 75]
      |  |- [76, 77]
      |  |- [78, 80]
      |  |- [81, 82]
      |  `- [83, 84, 85]
      `- [88, 92, 95, 97]
         |- [86, 87]
         |- [88, 89, 90, 91]
         |- [92, 94]
         |- [95, 96]
         `- [97, 98, 99]
Insert 53
`- [56]
   |- [15, 28, 40]
   |  |- [4, 8, 12]
   |  |  |- [0, 2, 3]
   |  |  |- [4, 5, 6]
   |  |  |- [8, 9, 10]
   |  |  `- [12, 13, 14]
   |  |- [19, 23]
   |  |  |- [15, 16, 17, 18]
   |  |  |- [19, 21]
   |  |  `- [23, 24, 25, 26]
   |  |- [32, 36]
   |  |  |- [28, 29, 30]
   |  |  |- [32, 33]
   |  |  `- [36, 37, 38, 39]
   |  `- [44, 48, 50, 54]
   |     |- [40, 42]
   |     |- [44, 45, 47]
   |     |- [48, 49]
   |     |- [50, 51, 52, 53]
   |     `- [54, 55]
   `- [72, 86]
      |- [62, 67]
      |  |- [56, 57, 58, 60]
      |  |- [62, 63, 64, 65]
      |  `- [67, 68, 69, 70]
      |- [76, 78, 81, 83]
      |  |- [72, 73, 74, 75]
      |  |- [76, 77]
      |  |- [78, 80]
      |  |- [81, 82]
      |  `- [83, 84, 85]
      `- [88, 92, 95, 97]
         |- [86, 87]
         |- [88, 89, 90, 91]
         |- [92, 94]
         |- [95, 96]
         `- [97, 98, 99]
Insert 20
`- [56]
   |- [15, 28, 40]
   |  |- [4, 8, 12]
   |  |  |- [0, 2, 3]
   |  |  |- [4, 5, 6]
   |  |  |- [8, 9, 10]
   |  |  `- [12, 13, 14]
   |  |- [19, 23]
   |  |  |- [15, 16, 17, 18]
   |  |  |- [19, 20, 21]
   |  |  `- [23, 24, 25, 26]
   |  |- [32, 36]
   |  |  |- [28, 29, 30]
   |  |  |- [32, 33]
   |  |  `- [36, 37, 38, 39]
   |  `- [44, 48, 50, 54]
   |     |- [40, 42]
   |     |- [44, 45, 47]
   |     |- [48, 49]
   |     |- [50, 51, 52, 53]
   |     `- [54, 55]
   `- [72, 86]
      |- [62, 67]
      |  |- [56, 57, 58, 60]
      |  |- [62, 63, 64, 65]
      |  `- [67, 68, 69, 70]
      |- [76, 78, 81, 83]
      |  |- [72, 73, 74, 75]
      |  |- [76, 77]
      |  |- [78, 80]
      |  |- [81, 82]
      |  `- [83, 84, 85]
      `- [88, 92, 95, 97]
         |- [86, 87]
         |- [88, 89, 90, 91]
         |- [92, 94]
         |- [95, 96]
         `- [97, 98, 99]
Insert 11
`- [56]
   |- [15, 28, 40]
   |  |- [4, 8, 12]
   |  |  |- [0, 2, 3]
   |  |  |- [4, 5, 6]
   |  |  |- [8, 9, 10, 11]
   |  |  `- [12, 13, 14]
   |  |- [19, 23]
   |  |  |- [15, 16, 17, 18]
   |  |  |- [19, 20, 21]
   |  |  `- [23, 24, 25, 26]
   |  |- [32, 36]
   |  |  |- [28, 29, 30]
   |  |  |- [32, 33]
   |  |  `- [36, 37, 38, 39]
   |  `- [44, 48, 50, 54]
   |     |- [40, 42]
   |     |- [44, 45, 47]
   |     |- [48, 49]
   |     |- [50, 51, 52, 53]
   |     `- [54, 55]
   `- [72, 86]
      |- [62, 67]
      |  |- [56, 57, 58, 60]
      |  |- [62, 63, 64, 65]
      |  `- [67, 68, 69, 70]
      |- [76, 78, 81, 83]
      |  |- [72, 73, 74, 75]
      |  |- [76, 77]
      |  |- [78, 80]
      |  |- [81, 82]
      |  `- [83, 84, 85]
      `- [88, 92, 95, 97]
         |- [86, 87]
         |- [88, 89, 90, 91]
         |- [92, 94]
         |- [95, 96]
         `- [97, 98, 99]
Insert 31
`- [56]
   |- [15, 28, 40]
   |  |- [4, 8, 12]
   |  |  |- [0, 2, 3]
   |  |  |- [4, 5, 6]
   |  |  |- [8, 9, 10, 11]
   |  |  `- [12, 13, 14]
   |  |- [19, 23]
   |  |  |- [15, 16, 17, 18]
   |  |  |- [19, 20, 21]
   |  |  `- [23, 24, 25, 26]
   |  |- [32, 36]
   |  |  |- [28, 29, 30, 31]
   |  |  |- [32, 33]
   |  |  `- [36, 37, 38, 39]
   |  `- [44, 48, 50, 54]
   |     |- [40, 42]
   |     |- [44, 45, 47]
   |     |- [48, 49]
   |     |- [50, 51, 52, 53]
   |     `- [54, 55]
   `- [72, 86]
      |- [62, 67]
      |  |- [56, 57, 58, 60]
      |  |- [62, 63, 64, 65]
      |  `- [67, 68, 69, 70]
      |- [76, 78, 81, 83]
      |  |- [72, 73, 74, 75]
      |  |- [76, 77]
      |  |- [78, 80]
      |  |- [81, 82]
      |  `- [83, 84, 85]
      `- [88, 92, 95, 97]
         |- [86, 87]
         |- [88, 89, 90, 91]
         |- [92, 94]
         |- [95, 96]
         `- [97, 98, 99]
Insert 34
`- [56]
   |- [15, 28, 40]
   |  |- [4, 8, 12]
   |  |  |- [0, 2, 3]
   |  |  |- [4, 5, 6]
   |  |  |- [8, 9, 10, 11]
   |  |  `- [12, 13, 14]
   |  |- [19, 23]
   |  |  |- [15, 16, 17, 18]
   |  |  |- [19, 20, 21]
   |  |  `- [23, 24, 25, 26]
   |  |- [32, 36]
   |  |  |- [28, 29, 30, 31]
   |  |  |- [32, 33, 34]
   |  |  `- [36, 37, 38, 39]
   |  `- [44, 48, 50, 54]
   |     |- [40, 42]
   |     |- [44, 45, 47]
   |     |- [48, 49]
   |     |- [50, 51, 52, 53]
   |     `- [54, 55]
   `- [72, 86]
      |- [62, 67]
      |  |- [56, 57, 58, 60]
      |  |- [62, 63, 64, 65]
      |  `- [67, 68, 69, 70]
      |- [76, 78, 81, 83]
      |  |- [72, 73, 74, 75]
      |  |- [76, 77]
      |  |- [78, 80]
      |  |- [81, 82]
      |  `- [83, 84, 85]
      `- [88, 92, 95, 97]
         |- [86, 87]
         |- [88, 89, 90, 91]
         |- [92, 94]
         |- [95, 96]
         `- [97, 98, 99]
Insert 71
`- [56]
   |- [15, 28, 40]
   |  |- [4, 8, 12]
   |  |  |- [0, 2, 3]
   |  |  |- [4, 5, 6]
   |  |  |- [8, 9, 10, 11]
   |  |  `- [12, 13, 14]
   |  |- [19, 23]
   |  |  |- [15, 16, 17, 18]
   |  |  |- [19, 20, 21]
   |  |  `- [23, 24, 25, 26]
   |  |- [32, 36]
   |  |  |- [28, 29, 30, 31]
   |  |  |- [32, 33, 34]
   |  |  `- [36, 37, 38, 39]
   |  `- [44, 48, 50, 54]
   |     |- [40, 42]
   |     |- [44, 45, 47]
   |     |- [48, 49]
   |     |- [50, 51, 52, 53]
   |     `- [54, 55]
   `- [72, 86]
      |- [62, 67, 69]
      |  |- [56, 57, 58, 60]
      |  |- [62, 63, 64, 65]
      |  |- [67, 68]
      |  `- [69, 70, 71]
      |- [76, 78, 81, 83]
      |  |- [72, 73, 74, 75]
      |  |- [76, 77]
      |  |- [78, 80]
      |  |- [81, 82]
      |  `- [83, 84, 85]
      `- [88, 92, 95, 97]
         |- [86, 87]
         |- [88, 89, 90, 91]
         |- [92, 94]
         |- [95, 96]
         `- [97, 98, 99]
Insert 46
`- [56]
   |- [15, 28, 40]
   |  |- [4, 8, 12]
   |  |  |- [0, 2, 3]
   |  |  |- [4, 5, 6]
   |  |  |- [8, 9, 10, 11]
   |  |  `- [12, 13, 14]
   |  |- [19, 23]
   |  |  |- [15, 16, 17, 18]
   |  |  |- [19, 20, 21]
   |  |  `- [23, 24, 25, 26]
   |  |- [32, 36]
   |  |  |- [28, 29, 30, 31]
   |  |  |- [32, 33, 34]
   |  |  `- [36, 37, 38, 39]
   |  `- [44, 48, 50, 54]
   |     |- [40, 42]
   |     |- [44, 45, 46, 47]
   |     |- [48, 49]
   |     |- [50, 51, 52, 53]
   |     `- [54, 55]
   `- [72, 86]
      |- [62, 67, 69]
      |  |- [56, 57, 58, 60]
      |  |- [62, 63, 64, 65]
      |  |- [67, 68]
      |  `- [69, 70, 71]
      |- [76, 78, 81, 83]
      |  |- [72, 73, 74, 75]
      |  |- [76, 77]
      |  |- [78, 80]
      |  |- [81, 82]
      |  `- [83, 84, 85]
      `- [88, 92, 95, 97]
         |- [86, 87]
         |- [88, 89, 90, 91]
         |- [92, 94]
         |- [95, 96]
         `- [97, 98, 99]
Insert 35
`- [56]
   |- [15, 28, 40]
   |  |- [4, 8, 12]
   |  |  |- [0, 2, 3]
   |  |  |- [4, 5, 6]
   |  |  |- [8, 9, 10, 11]
   |  |  `- [12, 13, 14]
   |  |- [19, 23]
   |  |  |- [15, 16, 17, 18]
   |  |  |- [19, 20, 21]
   |  |  `- [23, 24, 25, 26]
   |  |- [32, 36]
   |  |  |- [28, 29, 30, 31]
   |  |  |- [32, 33, 34, 35]
   |  |  `- [36, 37, 38, 39]
   |  `- [44, 48, 50, 54]
   |     |- [40, 42]
   |     |- [44, 45, 46, 47]
   |     |- [48, 49]
   |     |- [50, 51, 52, 53]
   |     `- [54, 55]
   `- [72, 86]
      |- [62, 67, 69]
      |  |- [56, 57, 58, 60]
      |  |- [62, 63, 64, 65]
      |  |- [67, 68]
      |  `- [69, 70, 71]
      |- [76, 78, 81, 83]
      |  |- [72, 73, 74, 75]
      |  |- [76, 77]
      |  |- [78, 80]
      |  |- [81, 82]
      |  `- [83, 84, 85]
      `- [88, 92, 95, 97]
         |- [86, 87]
         |- [88, 89, 90, 91]
         |- [92, 94]
         |- [95, 96]
         `- [97, 98, 99]
Insert 59
`- [56]
   |- [15, 28, 40]
   |  |- [4, 8, 12]
   |  |  |- [0, 2, 3]
   |  |  |- [4, 5, 6]
   |  |  |- [8, 9, 10, 11]
   |  |  `- [12, 13, 14]
   |  |- [19, 23]
   |  |  |- [15, 16, 17, 18]
   |  |  |- [19, 20, 21]
   |  |  `- [23, 24, 25, 26]
   |  |- [32, 36]
   |  |  |- [28, 29, 30, 31]
   |  |  |- [32, 33, 34, 35]
   |  |  `- [36, 37, 38, 39]
   |  `- [44, 48, 50, 54]
   |     |- [40, 42]
   |     |- [44, 45, 46, 47]
   |     |- [48, 49]
   |     |- [50, 51, 52, 53]
   |     `- [54, 55]
   `- [72, 86]
      |- [58, 62, 67, 69]
      |  |- [56, 57]
      |  |- [58, 59, 60]
      |  |- [62, 63, 64, 65]
      |  |- [67, 68]
      |  `- [69, 70, 71]
      |- [76, 78, 81, 83]
      |  |- [72, 73, 74, 75]
      |  |- [76, 77]
      |  |- [78, 80]
      |  |- [81, 82]
      |  `- [83, 84, 85]
      `- [88, 92, 95, 97]
         |- [86, 87]
         |- [88, 89, 90, 91]
         |- [92, 94]
         |- [95, 96]
         `- [97, 98, 99]
Insert 22
`- [56]
   |- [15, 28, 40]
   |  |- [4, 8, 12]
   |  |  |- [0, 2, 3]
   |  |  |- [4, 5, 6]
   |  |  |- [8, 9, 10, 11]
   |  |  `- [12, 13, 14]
   |  |- [19, 23]
   |  |  |- [15, 16, 17, 18]
   |  |  |- [19, 20, 21, 22]
   |  |  `- [23, 24, 25, 26]
   |  |- [32, 36]
   |  |  |- [28, 29, 30, 31]
   |  |  |- [32, 33, 34, 35]
   |  |  `- [36, 37, 38, 39]
   |  `- [44, 48, 50, 54]
   |     |- [40, 42]
   |     |- [44, 45, 46, 47]
   |     |- [48, 49]
   |     |- [50, 51, 52, 53]
   |     `- [54, 55]
   `- [72, 86]
      |- [58, 62, 67, 69]
      |  |- [56, 57]
      |  |- [58, 59, 60]
      |  |- [62, 63, 64, 65]
      |  |- [67, 68]
      |  `- [69, 70, 71]
      |- [76, 78, 81, 83]
      |  |- [72, 73, 74, 75]
      |  |- [76, 77]
      |  |- [78, 80]
      |  |- [81, 82]
      |  `- [83, 84, 85]
      `- [88, 92, 95, 97]
         |- [86, 87]
         |- [88, 89, 90, 91]
         |- [92, 94]
         |- [95, 96]
         `- [97, 98, 99]
Insert 61
`- [56]
   |- [15, 28, 40]
   |  |- [4, 8, 12]
   |  |  |- [0, 2, 3]
   |  |  |- [4, 5, 6]
   |  |  |- [8, 9, 10, 11]
   |  |  `- [12, 13, 14]
   |  |- [19, 23]
   |  |  |- [15, 16, 17, 18]
   |  |  |- [19, 20, 21, 22]
   |  |  `- [23, 24, 25, 26]
   |  |- [32, 36]
   |  |  |- [28, 29, 30, 31]
   |  |  |- [32, 33, 34, 35]
   |  |  `- [36, 37, 38, 39]
   |  `- [44, 48, 50, 54]
   |     |- [40, 42]
   |     |- [44, 45, 46, 47]
   |     |- [48, 49]
   |     |- [50, 51, 52, 53]
   |     `- [54, 55]
   `- [72, 86]
      |- [58, 62, 67, 69]
      |  |- [56, 57]
      |  |- [58, 59, 60, 61]
      |  |- [62, 63, 64, 65]
      |  |- [67, 68]
      |  `- [69, 70, 71]
      |- [76, 78, 81, 83]
      |  |- [72, 73, 74, 75]
      |  |- [76, 77]
      |  |- [78, 80]
      |  |- [81, 82]
      |  `- [83, 84, 85]
      `- [88, 92, 95, 97]
         |- [86, 87]
         |- [88, 89, 90, 91]
         |- [92, 94]
         |- [95, 96]
         `- [97, 98, 99]
Insert 93
`- [56]
   |- [15, 28, 40]
   |  |- [4, 8, 12]
   |  |  |- [0, 2, 3]
   |  |  |- [4, 5, 6]
   |  |  |- [8, 9, 10, 11]
   |  |  `- [12, 13, 14]
   |  |- [19, 23]
   |  |  |- [15, 16, 17, 18]
   |  |  |- [19, 20, 21, 22]
   |  |  `- [23, 24, 25, 26]
   |  |- [32, 36]
   |  |  |- [28, 29, 30, 31]
   |  |  |- [32, 33, 34, 35]
   |  |  `- [36, 37, 38, 39]
   |  `- [44, 48, 50, 54]
   |     |- [40, 42]
   |     |- [44, 45, 46, 47]
   |     |- [48, 49]
   |     |- [50, 51, 52, 53]
   |     `- [54, 55]
   `- [72, 86]
      |- [58, 62, 67, 69]
      |  |- [56, 57]
      |  |- [58, 59, 60, 61]
      |  |- [62, 63, 64, 65]
      |  |- [67, 68]
      |  `- [69, 70, 71]
      |- [76, 78, 81, 83]
      |  |- [72, 73, 74, 75]
      |  |- [76, 77]
      |  |- [78, 80]
      |  |- [81, 82]
      |  `- [83, 84, 85]
      `- [88, 92, 95, 97]
         |- [86, 87]
         |- [88, 89, 90, 91]
         |- [92, 93, 94]
         |- [95, 96]
         `- [97, 98, 99]
Insert 27
`- [56]
   |- [15, 28, 40]
   |  |- [4, 8, 12]
   |  |  |- [0, 2, 3]
   |  |  |- [4, 5, 6]
   |  |  |- [8, 9, 10, 11]
   |  |  `- [12, 13, 14]
   |  |- [19, 23, 25]
   |  |  |- [15, 16, 17, 18]
   |  |  |- [19, 20, 21, 22]
   |  |  |- [23, 24]
   |  |  `- [25, 26, 27]
   |  |- [32, 36]
   |  |  |- [28, 29, 30, 31]
   |  |  |- [32, 33, 34, 35]
   |  |  `- [36, 37, 38, 39]
   |  `- [44, 48, 50, 54]
   |     |- [40, 42]
   |     |- [44, 45, 46, 47]
   |     |- [48, 49]
   |     |- [50, 51, 52, 53]
   |     `- [54, 55]
   `- [72, 86]
      |- [58, 62, 67, 69]
      |  |- [56, 57]
      |  |- [58, 59, 60, 61]
      |  |- [62, 63, 64, 65]
      |  |- [67, 68]
      |  `- [69, 70, 71]
      |- [76, 78, 81, 83]
      |  |- [72, 73, 74, 75]
      |  |- [76, 77]
      |  |- [78, 80]
      |  |- [81, 82]
      |  `- [83, 84, 85]
      `- [88, 92, 95, 97]
         |- [86, 87]
         |- [88, 89, 90, 91]
         |- [92, 93, 94]
         |- [95, 96]
         `- [97, 98, 99]
Insert 43
`- [56]
   |- [15, 28, 40]
   |  |- [4, 8, 12]
   |  |  |- [0, 2, 3]
   |  |  |- [4, 5, 6]
   |  |  |- [8, 9, 10, 11]
   |  |  `- [12, 13, 14]
   |  |- [19, 23, 25]
   |  |  |- [15, 16, 17, 18]
   |  |  |- [19, 20, 21, 22]
   |  |  |- [23, 24]
   |  |  `- [25, 26, 27]
   |  |- [32, 36]
   |  |  |- [28, 29, 30, 31]
   |  |  |- [32, 33, 34, 35]
   |  |  `- [36, 37, 38, 39]
   |  `- [44, 48, 50, 54]
   |     |- [40, 42, 43]
   |     |- [44, 45, 46, 47]
   |     |- [48, 49]
   |     |- [50, 51, 52, 53]
   |     `- [54, 55]
   `- [72, 86]
      |- [58, 62, 67, 69]
      |  |- [56, 57]
      |  |- [58, 59, 60, 61]
      |  |- [62, 63, 64, 65]
      |  |- [67, 68]
      |  `- [69, 70, 71]
      |- [76, 78, 81, 83]
      |  |- [72, 73, 74, 75]
      |  |- [76, 77]
      |  |- [78, 80]
      |  |- [81, 82]
      |  `- [83, 84, 85]
      `- [88, 92, 95, 97]
         |- [86, 87]
         |- [88, 89, 90, 91]
         |- [92, 93, 94]
         |- [95, 96]
         `- [97, 98, 99]
Insert 79
`- [56]
   |- [15, 28, 40]
   |  |- [4, 8, 12]
   |  |  |- [0, 2, 3]
   |  |  |- [4, 5, 6]
   |  |  |- [8, 9, 10, 11]
   |  |  `- [12, 13, 14]
   |  |- [19, 23, 25]
   |  |  |- [15, 16, 17, 18]
   |  |  |- [19, 20, 21, 22]
   |  |  |- [23, 24]
   |  |  `- [25, 26, 27]
   |  |- [32, 36]
   |  |  |- [28, 29, 30, 31]
   |  |  |- [32, 33, 34, 35]
   |  |  `- [36, 37, 38, 39]
   |  `- [44, 48, 50, 54]
   |     |- [40, 42, 43]
   |     |- [44, 45, 46, 47]
   |     |- [48, 49]
   |     |- [50, 51, 52, 53]
   |     `- [54, 55]
   `- [72, 86]
      |- [58, 62, 67, 69]
      |  |- [56, 57]
      |  |- [58, 59, 60, 61]
      |  |- [62, 63, 64, 65]
      |  |- [67, 68]
      |  `- [69, 70, 71]
      |- [76, 78, 81, 83]
      |  |- [72, 73, 74, 75]
      |  |- [76, 77]
      |  |- [78, 79, 80]
      |  |- [81, 82]
      |  `- [83, 84, 85]
      `- [88, 92, 95, 97]
         |- [86, 87]
         |- [88, 89, 90, 91]
         |- [92, 93, 94]
         |- [95, 96]
         `- [97, 98, 99]
Insert 66
`- [56]
   |- [15, 28, 40]
   |  |- [4, 8, 12]
   |  |  |- [0, 2, 3]
   |  |  |- [4, 5, 6]
   |  |  |- [8, 9, 10, 11]
   |  |  `- [12, 13, 14]
   |  |- [19, 23, 25]
   |  |  |- [15, 16, 17, 18]
   |  |  |- [19, 20, 21, 22]
   |  |  |- [23, 24]
   |  |  `- [25, 26, 27]
   |  |- [32, 36]
   |  |  |- [28, 29, 30, 31]
   |  |  |- [32, 33, 34, 35]
   |  |  `- [36, 37, 38, 39]
   |  `- [44, 48, 50, 54]
   |     |- [40, 42, 43]
   |     |- [44, 45, 46, 47]
   |     |- [48, 49]
   |     |- [50, 51, 52, 53]
   |     `- [54, 55]
   `- [64, 72, 86]
      |- [58, 62]
      |  |- [56, 57]
      |  |- [58, 59, 60, 61]
      |  `- [62, 63]
      |- [67, 69]
      |  |- [64, 65, 66]
      |  |- [67, 68]
      |  `- [69, 70, 71]
      |- [76, 78, 81, 83]
      |  |- [72, 73, 74, 75]
      |  |- [76, 77]
      |  |- [78, 79, 80]
      |  |- [81, 82]
      |  `- [83, 84, 85]
      `- [88, 92, 95, 97]
         |- [86, 87]
         |- [88, 89, 90, 91]
         |- [92, 93, 94]
         |- [95, 96]
         `- [97, 98, 99]
Insert 7
`- [56]
   |- [15, 28, 40]
   |  |- [4, 8, 12]
   |  |  |- [0, 2, 3]
   |  |  |- [4, 5, 6, 7]
   |  |  |- [8, 9, 10, 11]
   |  |  `- [12, 13, 14]
   |  |- [19, 23, 25]
   |  |  |- [15, 16, 17, 18]
   |  |  |- [19, 20, 21, 22]
   |  |  |- [23, 24]
   |  |  `- [25, 26, 27]
   |  |- [32, 36]
   |  |  |- [28, 29, 30, 31]
   |  |  |- [32, 33, 34, 35]
   |  |  `- [36, 37, 38, 39]
   |  `- [44, 48, 50, 54]
   |     |- [40, 42, 43]
   |     |- [44, 45, 46, 47]
   |     |- [48, 49]
   |     |- [50, 51, 52, 53]
   |     `- [54, 55]
   `- [64, 72, 86]
      |- [58, 62]
      |  |- [56, 57]
      |  |- [58, 59, 60, 61]
      |  `- [62, 63]
      |- [67, 69]
      |  |- [64, 65, 66]
      |  |- [67, 68]
      |  `- [69, 70, 71]
      |- [76, 78, 81, 83]
      |  |- [72, 73, 74, 75]
      |  |- [76, 77]
      |  |- [78, 79, 80]
      |  |- [81, 82]
      |  `- [83, 84, 85]
      `- [88, 92, 95, 97]
         |- [86, 87]
         |- [88, 89, 90, 91]
         |- [92, 93, 94]
         |- [95, 96]
         `- [97, 98, 99]
Insert 41
`- [56]
   |- [15, 28, 40]
   |  |- [4, 8, 12]
   |  |  |- [0, 2, 3]
   |  |  |- [4, 5, 6, 7]
   |  |  |- [8, 9, 10, 11]
   |  |  `- [12, 13, 14]
   |  |- [19, 23, 25]
   |  |  |- [15, 16, 17, 18]
   |  |  |- [19, 20, 21, 22]
   |  |  |- [23, 24]
   |  |  `- [25, 26, 27]
   |  |- [32, 36]
   |  |  |- [28, 29, 30, 31]
   |  |  |- [32, 33, 34, 35]
   |  |  `- [36, 37, 38, 39]
   |  `- [44, 48, 50, 54]
   |     |- [40, 41, 42, 43]
   |     |- [44, 45, 46, 47]
   |     |- [48, 49]
   |     |- [50, 51, 52, 53]
   |     `- [54, 55]
   `- [64, 72, 86]
      |- [58, 62]
      |  |- [56, 57]
      |  |- [58, 59, 60, 61]
      |  `- [62, 63]
      |- [67, 69]
      |  |- [64, 65, 66]
      |  |- [67, 68]
      |  `- [69, 70, 71]
      |- [76, 78, 81, 83]
      |  |- [72, 73, 74, 75]
      |  |- [76, 77]
      |  |- [78, 79, 80]
      |  |- [81, 82]
      |  `- [83, 84, 85]
      `- [88, 92, 95, 97]
         |- [86, 87]
         |- [88, 89, 90, 91]
         |- [92, 93, 94]
         |- [95, 96]
         `- [97, 98, 99]
Insert 1
`- [56]
   |- [15, 28, 40]
   |  |- [4, 8, 12]
   |  |  |- [0, 1, 2, 3]
   |  |  |- [4, 5, 6, 7]
   |  |  |- [8, 9, 10, 11]
   |  |  `- [12, 13, 14]
   |  |- [19, 23, 25]
   |  |  |- [15, 16, 17, 18]
   |  |  |- [19, 20, 21, 22]
   |  |  |- [23, 24]
   |  |  `- [25, 26, 27]
   |  |- [32, 36]
   |  |  |- [28, 29, 30, 31]
   |  |  |- [32, 33, 34, 35]
   |  |  `- [36, 37, 38, 39]
   |  `- [44, 48, 50, 54]
   |     |- [40, 41, 42, 43]
   |     |- [44, 45, 46, 47]
   |     |- [48, 49]
   |     |- [50, 51, 52, 53]
   |     `- [54, 55]
   `- [64, 72, 86]
      |- [58, 62]
      |  |- [56, 57]
      |  |- [58, 59, 60, 61]
      |  `- [62, 63]
      |- [67, 69]
      |  |- [64, 65, 66]
      |  |- [67, 68]
      |  `- [69, 70, 71]
      |- [76, 78, 81, 83]
      |  |- [72, 73, 74, 75]
      |  |- [76, 77]
      |  |- [78, 79, 80]
      |  |- [81, 82]
      |  `- [83, 84, 85]
      `- [88, 92, 95, 97]
         |- [86, 87]
         |- [88, 89, 90, 91]
         |- [92, 93, 94]
         |- [95, 96]
         `- [97, 98, 99]