Insert 84
`- [84]
Insert 117
`- [84, 117]
Insert 73
`- [73, 84, 117]
Insert 20
`- [20, 73, 84, 117]
Insert 14
`- [73]
   |- [14, 20]
   `- [73, 84, 117]
Insert 119
`- [73]
   |- [14, 20]
   `- [73, 84, 117, 119]
Insert 46
`- [73]
   |- [14, 20, 46]
   `- [73, 84, 117, 119]
Insert 101
`- [73, 101]
   |- [14, 20, 46]
   |- [73, 84]
   `- [101, 117, 119]
Insert 90
`- [73, 101]
   |- [14, 20, 46]
   |- [73, 84, 90]
   `- [101, 117, 119]
Insert 2
`- [73, 101]
   |- [2, 14, 20, 46]
   |- [73, 84, 90]
   `- [101, 117, 119]
Insert 111
`- [73, 101]
   |- [2, 14, 20, 46]
   |- [73, 84, 90]
   `- [101, 111, 117, 119]
Insert 41
`- [20, 73, 101]
   |- [2, 14]
   |- [20, 41, 46]
   |- [73, 84, 90]
   `- [101, 111, 117, 119]
Insert 87
`- [20, 73, 101]
   |- [2, 14]
   |- [20, 41, 46, 87]
   |- [73, 84, 90]
   `- [101, 111, 117, 119]
Insert 70
`- [46]
   |- [20, 41]
   `- [46, 70, 87]
Insert 38
`- [46]
   |- [20, 38, 41]
   `- [46, 70, 87]
Insert 69
`- [46]
   |- [20, 38, 41]
   `- [46, 69, 70, 87]
Insert 56
`- [46, 69]
   |- [20, 38, 41]
   |- [46, 56]
   `- [69, 70, 87]
Insert 85
`- [46, 69]
   |- [20, 38, 41]
   |- [46, 56]
   `- [69, 70, 85, 87]
Insert 50
`- [46, 69]
   |- [20, 38, 41]
   |- [46, 50, 56]
   `- [69, 70, 85, 87]
Insert 60
`- [46, 69]
   |- [20, 38, 41]
   |- [46, 50, 56, 60]
   `- [69, 70, 85, 87]
Insert 91
`- [85]
   |- [69, 70]
   `- [85, 87, 91]
Insert 25
`- [85]
   |- [25, 69, 70]
   `- [85, 87, 91]
Insert 77
`- [85]
   |- [25, 69, 70, 77]
   `- [85, 87, 91]
Insert 89
`- [85]
   |- [25, 69, 70, 77]
   `- [85, 87, 89, 91]
Insert 110
`- [85, 89]
   |- [25, 69, 70, 77]
   |- [85, 87]
   `- [89, 91, 110]
Insert 55
`- [69, 85, 89]
   |- [25, 55]
   |- [69, 70, 77]
   |- [85, 87]
   `- [89, 91, 110]
Insert 78
`- [69, 85, 89]
   |- [25, 55]
   |- [69, 70, 77, 78]
   |- [85, 87]
   `- [89, 91, 110]
Insert 37
`- [69, 85, 89]
   |- [25, 37, 55]
   |- [69, 70, 77, 78]
   |- [85, 87]
   `- [89, 91, 110]
Insert 10
`- [69, 85, 89]
   |- [10, 25, 37, 55]
   |- [69, 70, 77, 78]
   |- [85, 87]
   `- [89, 91, 110]
Insert 86
`- [77]
   |- [69, 70]
   `- [77, 78, 86]
Insert 97
`- [77]
   |- [69, 70]
   `- [77, 78, 86, 97]
Insert 12
`- [77]
   |- [12, 69, 70]
   `- [77, 78, 86, 97]
Insert 48
`- [77]
   |- [12, 48, 69, 70]
   `- [77, 78, 86, 97]
Insert 11
`- [48, 77]
   |- [11, 12]
   |- [48, 69, 70]
   `- [77, 78, 86, 97]
Insert 32
`- [48, 77]
   |- [11, 12, 32]
   |- [48, 69, 70]
   `- [77, 78, 86, 97]
Insert 29
`- [48, 77]
   |- [11, 12, 29, 32]
   |- [48, 69, 70]
   `- [77, 78, 86, 97]
Insert 96
`- [48, 77]
   |- [11, 12, 29, 32]
   |- [48, 69, 70, 96]
   `- [77, 78, 86, 97]
Insert 18
`- [18, 48, 77]
   |- [11, 12]
   |- [18, 29, 32]
   |- [48, 69, 70, 96]
   `- [77, 78, 86, 97]
Insert 8
`- [18, 48, 77]
   |- [8, 11, 12]
   |- [18, 29, 32]
   |- [48, 69, 70, 96]
   `- [77, 78, 86, 97]
Insert 71
`- [18, 48, 77]
   |- [8, 11, 12]
   |- [18, 29, 32, 71]
   |- [48, 69, 70, 96]
   `- [77, 78, 86, 97]
Insert 82
`- [32]
   |- [18, 29]
   `- [32, 71, 82]
Insert 112
`- [32]
   |- [18, 29]
   `- [32, 71, 82, 112]
Insert 88
`- [32, 82]
   |- [18, 29]
   |- [32, 71]
   `- [82, 88, 112]
Insert 5
`- [32, 82]
   |- [5, 18, 29]
   |- [32, 71]
   `- [82, 88, 112]
Insert 1
`- [32, 82]
   |- [1, 5, 18, 29]
   |- [32, 71]
   `- [82, 88, 112]
Insert 72
`- [32, 82]
   |- [1, 5, 18, 29]
   |- [32, 71, 72]
   `- [82, 88, 112]
Insert 75
`- [32, 82]
   |- [1, 5, 18, 29]
   |- [32, 71, 72, 75]
   `- [82, 88, 112]
Insert 53
`- [32, 71, 82]
   |- [1, 5, 18, 29]
   |- [32, 53]
   |- [71, 72, 75]
   `- [82, 88, 112]
Insert 102
`- [32, 71, 82]
   |- [1, 5, 18, 29]
   |- [32, 53]
   |- [71, 72, 75, 102]
   `- [82, 88, 112]
Insert 33
`- [32, 71, 82]
   |- [1, 5, 18, 29]
   |- [32, 33, 53]
   |- [71, 72, 75, 102]
   `- [82, 88, 112]
Insert 61
`- [32, 71, 82]
   |- [1, 5, 18, 29]
   |- [32, 33, 53, 61]
   |- [71, 72, 75, 102]
   `- [82, 88, 112]
Insert 100
`- [75]
   |- [71, 72]
   `- [75, 100, 102]
Insert 108
`- [75]
   |- [71, 72]
   `- [75, 100, 102, 108]
Insert 79
`- [75, 100]
   |- [71, 72]
   |- [75, 79]
   `- [100, 102, 108]
Insert 59
`- [75, 100]
   |- [59, 71, 72]
   |- [75, 79]
   `- [100, 102, 108]
Insert 57
`- [75, 100]
   |- [57, 59, 71, 72]
   |- [75, 79]
   `- [100, 102, 108]
Insert 39
`- [59, 75, 100]
   |- [39, 57]
   |- [59, 71, 72]
   |- [75, 79]
   `- [100, 102, 108]
Insert 116
`- [59, 75, 100]
   |- [39, 57]
   |- [59, 71, 72, 116]
   |- [75, 79]
   `- [100, 102, 108]
Insert 44
`- [59, 75, 100]
   |- [39, 44, 57]
   |- [59, 71, 72, 116]
   |- [75, 79]
   `- [100, 102, 108]
Insert 52
`- [59, 75, 100]
   |- [39, 44, 52, 57]
   |- [59, 71, 72, 116]
   |- [75, 79]
   `- [100, 102, 108]
Insert 34
`- [44, 59, 75, 100]
   |- [34, 39]
   |- [44, 52, 57]
   |- [59, 71, 72, 116]
   |- [75, 79]
   `- [100, 102, 108]
Insert 65
`- [44, 59, 75, 100]
   |- [34, 39]
   |- [44, 52, 57, 65]
   |- [59, 71, 72, 116]
   |- [75, 79]
   `- [100, 102, 108]
Insert 36
`- [44, 59, 75, 100]
   |- [34, 36, 39]
   |- [44, 52, 57, 65]
   |- [59, 71, 72, 116]
   |- [75, 79]
   `- [100, 102, 108]
Insert 113
`- [57]
   |- [44, 52]
   `- [57, 65, 113]
Insert 114
`- [57]
   |- [44, 52]
   `- [57, 65, 113, 114]
Insert 80
`- [57, 80]
   |- [44, 52]
   |- [57, 65]
   `- [80, 113, 114]
Insert 47
`- [57, 80]
   |- [44, 47, 52]
   |- [57, 65]
   `- [80, 113, 114]
Insert 0
`- [57, 80]
   |- [0, 44, 47, 52]
   |- [57, 65]
   `- [80, 113, 114]
Insert 54
`- [47, 57, 80]
   |- [0, 44]
   |- [47, 52, 54]
   |- [57, 65]
   `- [80, 113, 114]
Insert 7
`- [47, 57, 80]
   |- [0, 7, 44]
   |- [47, 52, 54]
   |- [57, 65]
   `- [80, 113, 114]
Insert 104
`- [47, 57, 80]
   |- [0, 7, 44]
   |- [47, 52, 54, 104]
   |- [57, 65]
   `- [80, 113, 114]
Insert 94
`- [54]
   |- [47, 52]
   `- [54, 94, 104]
Insert 92
`- [54]
   |- [47, 52]
   `- [54, 92, 94, 104]
Insert 9
`- [54]
   |- [9, 47, 52]
   `- [54, 92, 94, 104]
Insert 45
`- [54]
   |- [9, 45, 47, 52]
   `- [54, 92, 94, 104]
Insert 93
`- [54, 93]
   |- [9, 45, 47, 52]
   |- [54, 92]
   `- [93, 94, 104]
Insert 51
`- [47, 54, 93]
   |- [9, 45]
   |- [47, 51, 52]
   |- [54, 92]
   `- [93, 94, 104]
Insert 74
`- [47, 54, 93]
   |- [9, 45]
   |- [47, 51, 52, 74]
   |- [54, 92]
   `- [93, 94, 104]
Insert 27
`- [47, 54, 93]
   |- [9, 27, 45]
   |- [47, 51, 52, 74]
   |- [54, 92]
   `- [93, 94, 104]
Insert 40
`- [47, 54, 93]
   |- [9, 27, 40, 45]
   |- [47, 51, 52, 74]
   |- [54, 92]
   `- [93, 94, 104]
Insert 105
`- [52]
   |- [47, 51]
   `- [52, 74, 105]
Insert 6
`- [52]
   |- [6, 47, 51]
   `- [52, 74, 105]
Insert 67
`- [52]
   |- [6, 47, 51]
   `- [52, 67, 74, 105]
Insert 24
`- [52]
   |- [6, 24, 47, 51]
   `- [52, 67, 74, 105]
Insert 17
`- [24, 52]
   |- [6, 17]
   |- [24, 47, 51]
   `- [52, 67, 74, 105]
Insert 15
`- [24, 52]
   |- [6, 15, 17]
   |- [24, 47, 51]
   `- [52, 67, 74, 105]
Insert 95
`- [24, 52]
   |- [6, 15, 17]
   |- [24, 47, 51, 95]
   `- [52, 67, 74, 105]
Insert 28
`- [47]
   |- [24, 28]
   `- [47, 51, 95]
Insert 64
`- [47]
   |- [24, 28]
   `- [47, 51, 64, 95]
Insert 83
`- [47, 64]
   |- [24, 28]
   |- [47, 51]
   `- [64, 83, 95]
Insert 106
`- [47, 64]
   |- [24, 28]
   |- [47, 51]
   `- [64, 83, 95, 106]
Insert 62
`- [47, 64]
   |- [24, 28]
   |- [47, 51, 62]
   `- [64, 83, 95, 106]
Insert 3
`- [47, 64]
   |- [3, 24, 28]
   |- [47, 51, 62]
   `- [64, 83, 95, 106]
Insert 99
`- [95]
   |- [64, 83]
   `- [95, 99, 106]
Insert 66
`- [95]
   |- [64, 66, 83]
   `- [95, 99, 106]
Insert 98
`- [95]
   |- [64, 66, 83]
   `- [95, 98, 99, 106]
Insert 31
`- [95]
   |- [31, 64, 66, 83]
   `- [95, 98, 99, 106]
Insert 107
`- [95, 99]
   |- [31, 64, 66, 83]
   |- [95, 98]
   `- [99, 106, 107]
Insert 26
`- [64, 95, 99]
   |- [26, 31]
   |- [64, 66, 83]
   |- [95, 98]
   `- [99, 106, 107]
Insert 58
`- [64, 95, 99]
   |- [26, 31, 58]
   |- [64, 66, 83]
   |- [95, 98]
   `- [99, 106, 107]
Insert 16
`- [64, 95, 99]
   |- [16, 26, 31, 58]
   |- [64, 66, 83]
   |- [95, 98]
   `- [99, 106, 107]
Insert 103
`- [64, 95, 99]
   |- [16, 26, 31, 58]
   |- [64, 66, 83, 103]
   |- [95, 98]
   `- [99, 106, 107]
Insert 35
`- [31, 64, 95, 99]
   |- [16, 26]
   |- [31, 35, 58]
   |- [64, 66, 83, 103]
   |- [95, 98]
   `- [99, 106, 107]
Insert 81
`- [31, 64, 95, 99]
   |- [16, 26]
   |- [31, 35, 58, 81]
   |- [64, 66, 83, 103]
   |- [95, 98]
   `- [99, 106, 107]
Insert 42
`- [42]
   |- [31, 35]
   `- [42, 58, 81]
Insert 23
`- [42]
   |- [23, 31, 35]
   `- [42, 58, 81]
Insert 115
`- [42]
   |- [23, 31, 35]
   `- [42, 58, 81, 115]
Insert 4
`- [42]
   |- [4, 23, 31, 35]
   `- [42, 58, 81, 115]
Insert 13
`- [23, 42]
   |- [4, 13]
   |- [23, 31, 35]
   `- [42, 58, 81, 115]
Insert 109
`- [23, 42]
   |- [4, 13]
   |- [23, 31, 35, 109]
   `- [42, 58, 81, 115]
Insert 118
`- [35]
   |- [23, 31]
   `- [35, 109, 118]
Insert 49
`- [35]
   |- [23, 31]
   `- [35, 49, 109, 118]
Insert 43
`- [35, 49]
   |- [23, 31]
   |- [35, 43]
   `- [49, 109, 118]
Insert 30
`- [35, 49]
   |- [23, 30, 31]
   |- [35, 43]
   `- [49, 109, 118]
Insert 63
`- [35, 49]
   |- [23, 30, 31]
   |- [35, 43]
   `- [49, 63, 109, 118]
Insert 21
`- [35, 49]
   |- [21, 23, 30, 31]
   |- [35, 43]
   `- [49, 63, 109, 118]
Insert 68
`- [68]
   |- [49, 63]
   `- [68, 109, 118]
Insert 19
`- [68]
   |- [19, 49, 63]
   `- [68, 109, 118]
Insert 22
`- [68]
   |- [19, 22, 49, 63]
   `- [68, 109, 118]
Insert 76
`- [68]
   |- [19, 22, 49, 63]
   `- [68, 76, 109, 118]