Insert 23
`- [23]
Insert 94
`- [23, 94]
Insert 120
`- [23, 94, 120]
Insert 182
`- [23, 94, 120, 182]
Insert 143
`- [120]
   |- [23, 94]
   `- [120, 143, 182]
Insert 76
`- [120]
   |- [23, 76, 94]
   `- [120, 143, 182]
Insert 77
`- [120]
   |- [23, 76, 77, 94]
   `- [120, 143, 182]
Insert 35
`- [76, 120]
   |- [23, 35]
   |- [76, 77, 94]
   `- [120, 143, 182]
Insert 9
`- [76, 120]
   |- [9, 23, 35]
   |- [76, 77, 94]
   `- [120, 143, 182]
Insert 179
`- [76, 120]
   |- [9, 23, 35]
   |- [76, 77, 94, 179]
   `- [120, 143, 182]
Insert 46
`- [76, 120]
   |- [9, 23, 35, 46]
   |- [76, 77, 94, 179]
   `- [120, 143, 182]
Insert 176
`- [94]
   |- [76, 77]
   `- [94, 176, 179]
Insert 32
`- [94]
   |- [32, 76, 77]
   `- [94, 176, 179]
Insert 149
`- [94]
   |- [32, 76, 77]
   `- [94, 149, 176, 179]
Insert 167
`- [94, 167]
   |- [32, 76, 77]
   |- [94, 149]
   `- [167, 176, 179]
Insert 97
`- [94, 167]
   |- [32, 76, 77]
   |- [94, 97, 149]
   `- [167, 176, 179]
Insert 181
`- [94, 167]
   |- [32, 76, 77]
   |- [94, 97, 149]
   `- [167, 176, 179, 181]
Insert 27
`- [94, 167]
   |- [27, 32, 76, 77]
   |- [94, 97, 149]
   `- [167, 176, 179, 181]
Insert 34
`- [34, 94, 167]
   |- [27, 32]
   |- [34, 76, 77]
   |- [94, 97, 149]
   `- [167, 176, 179, 181]
Insert 111
`- [34, 94, 167]
   |- [27, 32]
   |- [34, 76, 77, 111]
   |- [94, 97, 149]
   `- [167, 176, 179, 181]
Insert 19
`- [34, 94, 167]
   |- [19, 27, 32]
   |- [34, 76, 77, 111]
   |- [94, 97, 149]
   `- [167, 176, 179, 181]
Insert 116
`- [77]
   |- [34, 76]
   `- [77, 111, 116]
Insert 98
`- [77]
   |- [34, 76]
   `- [77, 98, 111, 116]
Insert 109
`- [77, 109]
   |- [34, 76]
   |- [77, 98]
   `- [109, 111, 116]
Insert 58
`- [77, 109]
   |- [34, 58, 76]
   |- [77, 98]
   `- [109, 111, 116]
Insert 165
`- [77, 109]
   |- [34, 58, 76]
   |- [77, 98]
   `- [109, 111, 116, 165]
Insert 71
`- [77, 109]
   |- [34, 58, 71, 76]
   |- [77, 98]
   `- [109, 111, 116, 165]
Insert 12
`- [58, 77, 109]
   |- [12, 34]
   |- [58, 71, 76]
   |- [77, 98]
   `- [109, 111, 116, 165]
Insert 160
`- [58, 77, 109]
   |- [12, 34]
   |- [58, 71, 76, 160]
   |- [77, 98]
   `- [109, 111, 116, 165]
Insert 59
`- [71]
   |- [58, 59]
   `- [71, 76, 160]
Insert 170
`- [71]
   |- [58, 59]
   `- [71, 76, 160, 170]
Insert 48
`- [71]
   |- [48, 58, 59]
   `- [71, 76, 160, 170]
Insert 45
`- [71]
   |- [45, 48, 58, 59]
   `- [71, 76, 160, 170]
Insert 140
`- [71, 140]
   |- [45, 48, 58, 59]
   |- [71, 76]
   `- [140, 160, 170]
Insert 102
`- [71, 140]
   |- [45, 48, 58, 59]
   |- [71, 76, 102]
   `- [140, 160, 170]
Insert 36
`- [48, 71, 140]
   |- [36, 45]
   |- [48, 58, 59]
   |- [71, 76, 102]
   `- [140, 160, 170]
Insert 96
`- [48, 71, 140]
   |- [36, 45]
   |- [48, 58, 59, 96]
   |- [71, 76, 102]
   `- [140, 160, 170]
Insert 133
`- [59]
   |- [48, 58]
   `- [59, 96, 133]
Insert 119
`- [59]
   |- [48, 58]
   `- [59, 96, 119, 133]
Insert 29
`- [59]
   |- [29, 48, 58]
   `- [59, 96, 119, 133]
Insert 114
`- [59, 114]
   |- [29, 48, 58]
   |- [59, 96]
   `- [114, 119, 133]
Insert 124
`- [59, 114]
   |- [29, 48, 58]
   |- [59, 96]
   `- [114, 119, 124, 133]
Insert 87
`- [59, 114]
   |- [29, 48, 58]
   |- [59, 87, 96]
   `- [114, 119, 124, 133]
Insert 141
`- [124]
   |- [114, 119]
   `- [124, 133, 141]
Insert 142
`- [124]
   |- [114, 119]
   `- [124, 133, 141, 142]
Insert 154
`- [124, 141]
   |- [114, 119]
   |- [124, 133]
   `- [141, 142, 154]
Insert 195
`- [124, 141]
   |- [114, 119]
   |- [124, 133]
   `- [141, 142, 154, 195]
Insert 117
`- [124, 141]
   |- [114, 117, 119]
   |- [124, 133]
   `- [141, 142, 154, 195]
Insert 169
`- [154]
   |- [141, 142]
   `- [154, 169, 195]
Insert 89
`- [154]
   |- [89, 141, 142]
   `- [154, 169, 195]
Insert 184
`- [154]
   |- [89, 141, 142]
   `- [154, 169, 184, 195]
Insert 138
`- [154]
   |- [89, 138, 141, 142]
   `- [154, 169, 184, 195]
Insert 66
`- [138, 154]
   |- [66, 89]
   |- [138, 141, 142]
   `- [154, 169, 184, 195]
Insert 43
`- [138, 154]
   |- [43, 66, 89]
   |- [138, 141, 142]
   `- [154, 169, 184, 195]
Insert 107
`- [138, 154]
   |- [43, 66, 89, 107]
   |- [138, 141, 142]
   `- [154, 169, 184, 195]
Insert 180
`- [138, 154]
   |- [43, 66, 89, 107]
   |- [138, 141, 142, 180]
   `- [154, 169, 184, 195]
Insert 135
`- [89, 138, 154]
   |- [43, 66]
   |- [89, 107, 135]
   |- [138, 141, 142, 180]
   `- [154, 169, 184, 195]
Insert 113
`- [89, 138, 154]
   |- [43, 66]
   |- [89, 107, 113, 135]
   |- [138, 141, 142, 180]
   `- [154, 169, 184, 195]
Insert 0
`- [89, 138, 154]
   |- [0, 43, 66]
   |- [89, 107, 113, 135]
   |- [138, 141, 142, 180]
   `- [154, 169, 184, 195]
Insert 26
`- [89, 138, 154]
   |- [0, 26, 43, 66]
   |- [89, 107, 113, 135]
   |- [138, 141, 142, 180]
   `- [154, 169, 184, 195]
Insert 162
`- [113]
   |- [89, 107]
   `- [113, 135, 162]
Insert 163
`- [113]
   |- [89, 107]
   `- [113, 135, 162, 163]
Insert 186
`- [113, 162]
   |- [89, 107]
   |- [113, 135]
   `- [162, 163, 186]
Insert 67
`- [113, 162]
   |- [67, 89, 107]
   |- [113, 135]
   `- [162, 163, 186]
Insert 174
`- [113, 162]
   |- [67, 89, 107]
   |- [113, 135]
   `- [162, 163, 174, 186]
Insert 131
`- [113, 162]
   |- [67, 89, 107]
   |- [113, 131, 135]
   `- [162, 163, 174, 186]
Insert 126
`- [113, 162]
   |- [67, 89, 107]
   |- [113, 126, 131, 135]
   `- [162, 163, 174, 186]
Insert 168
`- [168]
   |- [162, 163]
   `- [168, 174, 186]
Insert 112
`- [168]
   |- [112, 162, 163]
   `- [168, 174, 186]
Insert 50
`- [168]
   |- [50, 112, 162, 163]
   `- [168, 174, 186]
Insert 51
`- [112, 168]
   |- [50, 51]
   |- [112, 162, 163]
   `- [168, 174, 186]
Insert 187
`- [112, 168]
   |- [50, 51]
   |- [112, 162, 163, 187]
   `- [168, 174, 186]
Insert 88
`- [112, 168]
   |- [50, 51, 88]
   |- [112, 162, 163, 187]
   `- [168, 174, 186]
Insert 41
`- [112, 168]
   |- [41, 50, 51, 88]
   |- [112, 162, 163, 187]
   `- [168, 174, 186]
Insert 122
`- [162]
   |- [112, 122]
   `- [162, 163, 187]
Insert 192
`- [162]
   |- [112, 122]
   `- [162, 163, 187, 192]
Insert 75
`- [162]
   |- [75, 112, 122]
   `- [162, 163, 187, 192]
Insert 196
`- [162, 187]
   |- [75, 112, 122]
   |- [162, 163]
   `- [187, 192, 196]
Insert 99
`- [162, 187]
   |- [75, 99, 112, 122]
   |- [162, 163]
   `- [187, 192, 196]
Insert 85
`- [99, 162, 187]
   |- [75, 85]
   |- [99, 112, 122]
   |- [162, 163]
   `- [187, 192, 196]
Insert 127
`- [99, 162, 187]
   |- [75, 85]
   |- [99, 112, 122, 127]
   |- [162, 163]
   `- [187, 192, 196]
Insert 172
`- [122]
   |- [99, 112]
   `- [122, 127, 172]
Insert 79
`- [122]
   |- [79, 99, 112]
   `- [122, 127, 172]
Insert 63
`- [122]
   |- [63, 79, 99, 112]
   `- [122, 127, 172]
Insert 52
`- [79, 122]
   |- [52, 63]
   |- [79, 99, 112]
   `- [122, 127, 172]
Insert 31
`- [79, 122]
   |- [31, 52, 63]
   |- [79, 99, 112]
   `- [122, 127, 172]
Insert 6
`- [79, 122]
   |- [6, 31, 52, 63]
   |- [79, 99, 112]
   `- [122, 127, 172]
Insert 56
`- [52, 79, 122]
   |- [6, 31]
   |- [52, 56, 63]
   |- [79, 99, 112]
   `- [122, 127, 172]
Insert 25
`- [52, 79, 122]
   |- [6, 25, 31]
   |- [52, 56, 63]
   |- [79, 99, 112]
   `- [122, 127, 172]
Insert 90
`- [52, 79, 122]
   |- [6, 25, 31]
   |- [52, 56, 63, 90]
   |- [79, 99, 112]
   `- [122, 127, 172]
Insert 91
`- [63]
   |- [52, 56]
   `- [63, 90, 91]
Insert 118
`- [63]
   |- [52, 56]
   `- [63, 90, 91, 118]
Insert 104
`- [63, 91]
   |- [52, 56]
   |- [63, 90]
   `- [91, 104, 118]
Insert 146
`- [63, 91]
   |- [52, 56]
   |- [63, 90]
   `- [91, 104, 118, 146]
Insert 155
`- [118]
   |- [91, 104]
   `- [118, 146, 155]
Insert 110
`- [118]
   |- [91, 104, 110]
   `- [118, 146, 155]
Insert 13
`- [118]
   |- [13, 91, 104, 110]
   `- [118, 146, 155]
Insert 151
`- [118]
   |- [13, 91, 104, 110]
   `- [118, 146, 151, 155]
Insert 178
`- [118, 151]
   |- [13, 91, 104, 110]
   |- [118, 146]
   `- [151, 155, 178]
Insert 86
`- [91, 118, 151]
   |- [13, 86]
   |- [91, 104, 110]
   |- [118, 146]
   `- [151, 155, 178]
Insert 197
`- [91, 118, 151]
   |- [13, 86]
   |- [91, 104, 110, 197]
   |- [118, 146]
   `- [151, 155, 178]
Insert 175
`- [110]
   |- [91, 104]
   `- [110, 175, 197]
Insert 148
`- [110]
   |- [91, 104]
   `- [110, 148, 175, 197]
Insert 191
`- [110, 175]
   |- [91, 104]
   |- [110, 148]
   `- [175, 191, 197]
Insert 132
`- [110, 175]
   |- [91, 104]
   |- [110, 132, 148]
   `- [175, 191, 197]
Insert 150
`- [110, 175]
   |- [91, 104]
   |- [110, 132, 148, 150]
   `- [175, 191, 197]
Insert 103
`- [110, 175]
   |- [91, 103, 104]
   |- [110, 132, 148, 150]
   `- [175, 191, 197]
Insert 194
`- [110, 175]
   |- [91, 103, 104]
   |- [110, 132, 148, 150]
   `- [175, 191, 194, 197]
Insert 57
`- [110, 175]
   |- [57, 91, 103, 104]
   |- [110, 132, 148, 150]
   `- [175, 191, 194, 197]
Insert 22
`- [91, 110, 175]
   |- [22, 57]
   |- [91, 103, 104]
   |- [110, 132, 148, 150]
   `- [175, 191, 194, 197]
Insert 11
`- [91, 110, 175]
   |- [11, 22, 57]
   |- [91, 103, 104]
   |- [110, 132, 148, 150]
   `- [175, 191, 194, 197]
Insert 128
`- [91, 110, 175]
   |- [11, 22, 57]
   |- [91, 103, 104, 128]
   |- [110, 132, 148, 150]
   `- [175, 191, 194, 197]
Insert 28
`- [91, 110, 175]
   |- [11, 22, 28, 57]
   |- [91, 103, 104, 128]
   |- [110, 132, 148, 150]
   `- [175, 191, 194, 197]
Insert 5
`- [22, 91, 110, 175]
   |- [5, 11]
   |- [22, 28, 57]
   |- [91, 103, 104, 128]
   |- [110, 132, 148, 150]
   `- [175, 191, 194, 197]
Insert 147
`- [22, 91, 110, 175]
   |- [5, 11]
   |- [22, 28, 57, 147]
   |- [91, 103, 104, 128]
   |- [110, 132, 148, 150]
   `- [175, 191, 194, 197]
Insert 171
`- [57]
   |- [22, 28]
   `- [57, 147, 171]
Insert 159
`- [57]
   |- [22, 28]
   `- [57, 147, 159, 171]
Insert 18
`- [57]
   |- [18, 22, 28]
   `- [57, 147, 159, 171]
Insert 125
`- [57, 147]
   |- [18, 22, 28]
   |- [57, 125]
   `- [147, 159, 171]
Insert 1
`- [57, 147]
   |- [1, 18, 22, 28]
   |- [57, 125]
   `- [147, 159, 171]
Insert 21
`- [21, 57, 147]
   |- [1, 18]
   |- [21, 22, 28]
   |- [57, 125]
   `- [147, 159, 171]
Insert 164
`- [21, 57, 147]
   |- [1, 18]
   |- [21, 22, 28, 164]
   |- [57, 125]
   `- [147, 159, 171]
Insert 53
`- [28]
   |- [21, 22]
   `- [28, 53, 164]
Insert 105
`- [28]
   |- [21, 22]
   `- [28, 53, 105, 164]
Insert 123
`- [28, 105]
   |- [21, 22]
   |- [28, 53]
   `- [105, 123, 164]
Insert 64
`- [28, 105]
   |- [21, 22]
   |- [28, 53, 64]
   `- [105, 123, 164]
Insert 69
`- [28, 105]
   |- [21, 22]
   |- [28, 53, 64, 69]
   `- [105, 123, 164]
Insert 156
`- [28, 105]
   |- [21, 22]
   |- [28, 53, 64, 69]
   `- [105, 123, 156, 164]
Insert 157
`- [156]
   |- [105, 123]
   `- [156, 157, 164]
Insert 16
`- [156]
   |- [16, 105, 123]
   `- [156, 157, 164]
Insert 54
`- [156]
   |- [16, 54, 105, 123]
   `- [156, 157, 164]
Insert 190
`- [156]
   |- [16, 54, 105, 123]
   `- [156, 157, 164, 190]
Insert 166
`- [156, 164]
   |- [16, 54, 105, 123]
   |- [156, 157]
   `- [164, 166, 190]
Insert 62
`- [62, 156, 164]
   |- [16, 54]
   |- [62, 105, 123]
   |- [156, 157]
   `- [164, 166, 190]
Insert 152
`- [62, 156, 164]
   |- [16, 54]
   |- [62, 105, 123, 152]
   |- [156, 157]
   `- [164, 166, 190]
Insert 121
`- [121]
   |- [62, 105]
   `- [121, 123, 152]
Insert 134
`- [121]
   |- [62, 105]
   `- [121, 123, 134, 152]
Insert 188
`- [121, 134]
   |- [62, 105]
   |- [121, 123]
   `- [134, 152, 188]
Insert 55
`- [121, 134]
   |- [55, 62, 105]
   |- [121, 123]
   `- [134, 152, 188]
Insert 115
`- [121, 134]
   |- [55, 62, 105, 115]
   |- [121, 123]
   `- [134, 152, 188]
Insert 199
`- [121, 134]
   |- [55, 62, 105, 115]
   |- [121, 123]
   `- [134, 152, 188, 199]
Insert 8
`- [62, 121, 134]
   |- [8, 55]
   |- [62, 105, 115]
   |- [121, 123]
   `- [134, 152, 188, 199]
Insert 24
`- [62, 121, 134]
   |- [8, 24, 55]
   |- [62, 105, 115]
   |- [121, 123]
   `- [134, 152, 188, 199]
Insert 144
`- [62, 121, 134]
   |- [8, 24, 55]
   |- [62, 105, 115, 144]
   |- [121, 123]
   `- [134, 152, 188, 199]
Insert 30
`- [62, 121, 134]
   |- [8, 24, 30, 55]
   |- [62, 105, 115, 144]
   |- [121, 123]
   `- [134, 152, 188, 199]
Insert 15
`- [24, 62, 121, 134]
   |- [8, 15]
   |- [24, 30, 55]
   |- [62, 105, 115, 144]
   |- [121, 123]
   `- [134, 152, 188, 199]
Insert 177
`- [24, 62, 121, 134]
   |- [8, 15]
   |- [24, 30, 55, 177]
   |- [62, 105, 115, 144]
   |- [121, 123]
   `- [134, 152, 188, 199]
Insert 145
`- [55]
   |- [24, 30]
   `- [55, 145, 177]
Insert 106
`- [55]
   |- [24, 30]
   `- [55, 106, 145, 177]
Insert 193
`- [55, 145]
   |- [24, 30]
   |- [55, 106]
   `- [145, 177, 193]
Insert 44
`- [55, 145]
   |- [24, 30, 44]
   |- [55, 106]
   `- [145, 177, 193]
Insert 73
`- [55, 145]
   |- [24, 30, 44]
   |- [55, 73, 106]
   `- [145, 177, 193]
Insert 49
`- [55, 145]
   |- [24, 30, 44, 49]
   |- [55, 73, 106]
   `- [145, 177, 193]
Insert 14
`- [30, 55, 145]
   |- [14, 24]
   |- [30, 44, 49]
   |- [55, 73, 106]
   `- [145, 177, 193]
Insert 70
`- [30, 55, 145]
   |- [14, 24]
   |- [30, 44, 49, 70]
   |- [55, 73, 106]
   `- [145, 177, 193]
Insert 108
`- [49]
   |- [30, 44]
   `- [49, 70, 108]
Insert 81
`- [49]
   |- [30, 44]
   `- [49, 70, 81, 108]
Insert 100
`- [49, 81]
   |- [30, 44]
   |- [49, 70]
   `- [81, 100, 108]
Insert 7
`- [49, 81]
   |- [7, 30, 44]
   |- [49, 70]
   `- [81, 100, 108]
Insert 61
`- [49, 81]
   |- [7, 30, 44]
   |- [49, 61, 70]
   `- [81, 100, 108]
Insert 93
`- [49, 81]
   |- [7, 30, 44]
   |- [49, 61, 70]
   `- [81, 93, 100, 108]
Insert 137
`- [100]
   |- [81, 93]
   `- [100, 108, 137]
Insert 40
`- [100]
   |- [40, 81, 93]
   `- [100, 108, 137]
Insert 37
`- [100]
   |- [37, 40, 81, 93]
   `- [100, 108, 137]
Insert 78
`- [78, 100]
   |- [37, 40]
   |- [78, 81, 93]
   `- [100, 108, 137]
Insert 130
`- [78, 100]
   |- [37, 40]
   |- [78, 81, 93, 130]
   `- [100, 108, 137]
Insert 92
`- [92]
   |- [78, 81]
   `- [92, 93, 130]
Insert 153
`- [92]
   |- [78, 81]
   `- [92, 93, 130, 153]
Insert 139
`- [92, 130]
   |- [78, 81]
   |- [92, 93]
   `- [130, 139, 153]
Insert 80
`- [92, 130]
   |- [78, 80, 81]
   |- [92, 93]
   `- [130, 139, 153]
Insert 95
`- [92, 130]
   |- [78, 80, 81]
   |- [92, 93, 95]
   `- [130, 139, 153]
Insert 129
`- [92, 130]
   |- [78, 80, 81]
   |- [92, 93, 95, 129]
   `- [130, 139, 153]
Insert 82
`- [92, 130]
   |- [78, 80, 81, 82]
   |- [92, 93, 95, 129]
   `- [130, 139, 153]
Insert 33
`- [80, 92, 130]
   |- [33, 78]
   |- [80, 81, 82]
   |- [92, 93, 95, 129]
   `- [130, 139, 153]
Insert 72
`- [80, 92, 130]
   |- [33, 72, 78]
   |- [80, 81, 82]
   |- [92, 93, 95, 129]
   `- [130, 139, 153]
Insert 3
`- [80, 92, 130]
   |- [3, 33, 72, 78]
   |- [80, 81, 82]
   |- [92, 93, 95, 129]
   `- [130, 139, 153]
Insert 74
`- [72, 80, 92, 130]
   |- [3, 33]
   |- [72, 74, 78]
   |- [80, 81, 82]
   |- [92, 93, 95, 129]
   `- [130, 139, 153]
Insert 2
`- [72, 80, 92, 130]
   |- [2, 3, 33]
   |- [72, 74, 78]
   |- [80, 81, 82]
   |- [92, 93, 95, 129]
   `- [130, 139, 153]
Insert 39
`- [72, 80, 92, 130]
   |- [2, 3, 33, 39]
   |- [72, 74, 78]
   |- [80, 81, 82]
   |- [92, 93, 95, 129]
   `- [130, 139, 153]
Insert 189
`- [72, 80, 92, 130]
   |- [2, 3, 33, 39]
   |- [72, 74, 78, 189]
   |- [80, 81, 82]
   |- [92, 93, 95, 129]
   `- [130, 139, 153]
Insert 10
`- [80]
   |- [10, 72]
      |- [2, 3]
      |- [10, 33, 39]
      `- [72, 74, 78, 189]
   `- [80, 92, 130]
Insert 161
`- [80]
   |- [10, 72]
      |- [2, 3]
      |- [10, 33, 39, 161]
      `- [72, 74, 78, 189]
   `- [80, 92, 130]
Insert 4
`- [80]
   |- [10, 72]
      |- [2, 3, 4]
      |- [10, 33, 39, 161]
      `- [72, 74, 78, 189]
   `- [80, 92, 130]
Insert 84
`- [39]
   |- [10, 33]
   `- [39, 84, 161]
Insert 173
`- [39]
   |- [10, 33]
   `- [39, 84, 161, 173]
Insert 17
`- [39]
   |- [10, 17, 33]
   `- [39, 84, 161, 173]
Insert 60
`- [39, 84]
   |- [10, 17, 33]
   |- [39, 60]
   `- [84, 161, 173]
Insert 68
`- [39, 84]
   |- [10, 17, 33]
   |- [39, 60, 68]
   `- [84, 161, 173]
Insert 83
`- [39, 84]
   |- [10, 17, 33]
   |- [39, 60, 68, 83]
   `- [84, 161, 173]
Insert 101
`- [39, 84]
   |- [10, 17, 33]
   |- [39, 60, 68, 83]
   `- [84, 101, 161, 173]
Insert 38
`- [39, 84]
   |- [10, 17, 33, 38]
   |- [39, 60, 68, 83]
   `- [84, 101, 161, 173]
Insert 183
`- [161]
   |- [84, 101]
   `- [161, 173, 183]
Insert 20
`- [161]
   |- [20, 84, 101]
   `- [161, 173, 183]
Insert 185
`- [161]
   |- [20, 84, 101]
   `- [161, 173, 183, 185]
Insert 42
`- [161]
   |- [20, 42, 84, 101]
   `- [161, 173, 183, 185]
Insert 158
`- [84, 161]
   |- [20, 42]
   |- [84, 101, 158]
   `- [161, 173, 183, 185]
Insert 198
`- [84, 161]
   |- [20, 42]
   |- [84, 101, 158, 198]
   `- [161, 173, 183, 185]
Insert 47
`- [84, 161]
   |- [20, 42, 47]
   |- [84, 101, 158, 198]
   `- [161, 173, 183, 185]
Insert 65
`- [84, 161]
   |- [20, 42, 47, 65]
   |- [84, 101, 158, 198]
   `- [161, 173, 183, 185]
Insert 136
`- [136]
   |- [84, 101]
   `- [136, 158, 198]