Insert 117
`- [117]
Insert 322
`- [117, 322]
Insert 362
`- [117, 322, 362]
Insert 279
`- [117, 279, 322, 362]
Insert 23
`- [279]
   |- [23, 117]
   `- [279, 322, 362]
Insert 141
`- [279]
   |- [23, 117, 141]
   `- [279, 322, 362]
Insert 320
`- [279]
   |- [23, 117, 141]
   `- [279, 320, 322, 362]
Insert 341
`- [279, 322]
   |- [23, 117, 141]
   |- [279, 320]
   `- [322, 341, 362]
Insert 305
`- [279, 322]
   |- [23, 117, 141]
   |- [279, 305, 320]
   `- [322, 341, 362]
Insert 376
`- [279, 322]
   |- [23, 117, 141]
   |- [279, 305, 320]
   `- [322, 341, 362, 376]
Insert 63
`- [279, 322]
   |- [23, 63, 117, 141]
   |- [279, 305, 320]
   `- [322, 341, 362, 376]
Insert 313
`- [279, 322]
   |- [23, 63, 117, 141]
   |- [279, 305, 313, 320]
   `- [322, 341, 362, 376]
Insert 285
`- [279, 305, 322]
   |- [23, 63, 117, 141]
   |- [279, 285]
   |- [305, 313, 320]
   `- [322, 341, 362, 376]
Insert 14
`- [63, 279, 305, 322]
   |- [14, 23]
   |- [63, 117, 141]
   |- [279, 285]
   |- [305, 313, 320]
   `- [322, 341, 362, 376]
Insert 124
`- [63, 279, 305, 322]
   |- [14, 23]
   |- [63, 117, 124, 141]
   |- [279, 285]
   |- [305, 313, 320]
   `- [322, 341, 362, 376]
Insert 162
`- [124]
   |- [63, 117]
   `- [124, 141, 162]
Insert 183
`- [124]
   |- [63, 117]
   `- [124, 141, 162, 183]
Insert 310
`- [124, 162]
   |- [63, 117]
   |- [124, 141]
   `- [162, 183, 310]
Insert 47
`- [124, 162]
   |- [47, 63, 117]
   |- [124, 141]
   `- [162, 183, 310]
Insert 147
`- [124, 162]
   |- [47, 63, 117]
   |- [124, 141, 147]
   `- [162, 183, 310]
Insert 178
`- [124, 162]
   |- [47, 63, 117]
   |- [124, 141, 147]
   `- [162, 178, 183, 310]
Insert 385
`- [183]
   |- [162, 178]
   `- [183, 310, 385]
Insert 161
`- [183]
   |- [161, 162, 178]
   `- [183, 310, 385]
Insert 189
`- [183]
   |- [161, 162, 178]
   `- [183, 189, 310, 385]
Insert 136
`- [183]
   |- [136, 161, 162, 178]
   `- [183, 189, 310, 385]
Insert 4
`- [161, 183]
   |- [4, 136]
   |- [161, 162, 178]
   `- [183, 189, 310, 385]
Insert 298
`- [161, 183]
   |- [4, 136]
   |- [161, 162, 178, 298]
   `- [183, 189, 310, 385]
Insert 276
`- [178]
   |- [161, 162]
   `- [178, 276, 298]
Insert 294
`- [178]
   |- [161, 162]
   `- [178, 276, 294, 298]
Insert 348
`- [178, 294]
   |- [161, 162]
   |- [178, 276]
   `- [294, 298, 348]
Insert 234
`- [178, 294]
   |- [161, 162]
   |- [178, 234, 276]
   `- [294, 298, 348]
Insert 115
`- [178, 294]
   |- [115, 161, 162]
   |- [178, 234, 276]
   `- [294, 298, 348]
Insert 302
`- [178, 294]
   |- [115, 161, 162]
   |- [178, 234, 276]
   `- [294, 298, 302, 348]
Insert 257
`- [178, 294]
   |- [115, 161, 162]
   |- [178, 234, 257, 276]
   `- [294, 298, 302, 348]
Insert 95
`- [178, 294]
   |- [95, 115, 161, 162]
   |- [178, 234, 257, 276]
   `- [294, 298, 302, 348]
Insert 315
`- [302]
   |- [294, 298]
   `- [302, 315, 348]
Insert 7
`- [302]
   |- [7, 294, 298]
   `- [302, 315, 348]
Insert 180
`- [302]
   |- [7, 180, 294, 298]
   `- [302, 315, 348]
Insert 269
`- [269, 302]
   |- [7, 180]
   |- [269, 294, 298]
   `- [302, 315, 348]
Insert 231
`- [269, 302]
   |- [7, 180, 231]
   |- [269, 294, 298]
   `- [302, 315, 348]
Insert 345
`- [269, 302]
   |- [7, 180, 231]
   |- [269, 294, 298, 345]
   `- [302, 315, 348]
Insert 283
`- [294]
   |- [269, 283]
   `- [294, 298, 345]
Insert 349
`- [294]
   |- [269, 283]
   `- [294, 298, 345, 349]
Insert 334
`- [294, 334]
   |- [269, 283]
   |- [294, 298]
   `- [334, 345, 349]
Insert 290
`- [294, 334]
   |- [269, 283, 290]
   |- [294, 298]
   `- [334, 345, 349]
Insert 70
`- [294, 334]
   |- [70, 269, 283, 290]
   |- [294, 298]
   `- [334, 345, 349]
Insert 76
`- [269, 294, 334]
   |- [70, 76]
   |- [269, 283, 290]
   |- [294, 298]
   `- [334, 345, 349]
Insert 289
`- [269, 294, 334]
   |- [70, 76]
   |- [269, 283, 289, 290]
   |- [294, 298]
   `- [334, 345, 349]
Insert 44
`- [269, 294, 334]
   |- [44, 70, 76]
   |- [269, 283, 289, 290]
   |- [294, 298]
   `- [334, 345, 349]
Insert 74
`- [269, 294, 334]
   |- [44, 70, 74, 76]
   |- [269, 283, 289, 290]
   |- [294, 298]
   `- [334, 345, 349]
Insert 56
`- [70, 269, 294, 334]
   |- [44, 56]
   |- [70, 74, 76]
   |- [269, 283, 289, 290]
   |- [294, 298]
   `- [334, 345, 349]
Insert 22
`- [70, 269, 294, 334]
   |- [22, 44, 56]
   |- [70, 74, 76]
   |- [269, 283, 289, 290]
   |- [294, 298]
   `- [334, 345, 349]
Insert 160
`- [70, 269, 294, 334]
   |- [22, 44, 56]
   |- [70, 74, 76, 160]
   |- [269, 283, 289, 290]
   |- [294, 298]
   `- [334, 345, 349]
Insert 267
`- [76]
   |- [70, 74]
   `- [76, 160, 267]
Insert 6
`- [76]
   |- [6, 70, 74]
   `- [76, 160, 267]
Insert 353
`- [76]
   |- [6, 70, 74]
   `- [76, 160, 267, 353]
Insert 229
`- [76, 229]
   |- [6, 70, 74]
   |- [76, 160]
   `- [229, 267, 353]
Insert 208
`- [76, 229]
   |- [6, 70, 74]
   |- [76, 160, 208]
   `- [229, 267, 353]
Insert 370
`- [76, 229]
   |- [6, 70, 74]
   |- [76, 160, 208]
   `- [229, 267, 353, 370]
Insert 64
`- [76, 229]
   |- [6, 64, 70, 74]
   |- [76, 160, 208]
   `- [229, 267, 353, 370]
Insert 397
`- [353]
   |- [229, 267]
   `- [353, 370, 397]
Insert 254
`- [353]
   |- [229, 254, 267]
   `- [353, 370, 397]
Insert 9
`- [353]
   |- [9, 229, 254, 267]
   `- [353, 370, 397]
Insert 174
`- [229, 353]
   |- [9, 174]
   |- [229, 254, 267]
   `- [353, 370, 397]
Insert 347
`- [229, 353]
   |- [9, 174]
   |- [229, 254, 267, 347]
   `- [353, 370, 397]
Insert 171
`- [229, 353]
   |- [9, 171, 174]
   |- [229, 254, 267, 347]
   `- [353, 370, 397]
Insert 235
`- [254]
   |- [229, 235]
   `- [254, 267, 347]
Insert 331
`- [254]
   |- [229, 235]
   `- [254, 267, 331, 347]
Insert 248
`- [254]
   |- [229, 235, 248]
   `- [254, 267, 331, 347]
Insert 304
`- [254, 304]
   |- [229, 235, 248]
   |- [254, 267]
   `- [304, 331, 347]
Insert 52
`- [254, 304]
   |- [52, 229, 235, 248]
   |- [254, 267]
   `- [304, 331, 347]
Insert 253
`- [235, 254, 304]
   |- [52, 229]
   |- [235, 248, 253]
   |- [254, 267]
   `- [304, 331, 347]
Insert 246
`- [235, 254, 304]
   |- [52, 229]
   |- [235, 246, 248, 253]
   |- [254, 267]
   `- [304, 331, 347]
Insert 112
`- [235, 254, 304]
   |- [52, 112, 229]
   |- [235, 246, 248, 253]
   |- [254, 267]
   `- [304, 331, 347]
Insert 389
`- [248]
   |- [235, 246]
   `- [248, 253, 389]
Insert 319
`- [248]
   |- [235, 246]
   `- [248, 253, 319, 389]
Insert 116
`- [248]
   |- [116, 235, 246]
   `- [248, 253, 319, 389]
Insert 37
`- [248]
   |- [37, 116, 235, 246]
   `- [248, 253, 319, 389]
Insert 65
`- [116, 248]
   |- [37, 65]
   |- [116, 235, 246]
   `- [248, 253, 319, 389]
Insert 284
`- [116, 248]
   |- [37, 65]
   |- [116, 235, 246, 284]
   `- [248, 253, 319, 389]
Insert 386
`- [246]
   |- [116, 235]
   `- [246, 284, 386]
Insert 155
`- [246]
   |- [116, 155, 235]
   `- [246, 284, 386]
Insert 129
`- [246]
   |- [116, 129, 155, 235]
   `- [246, 284, 386]
Insert 241
`- [155, 246]
   |- [116, 129]
   |- [155, 235, 241]
   `- [246, 284, 386]
Insert 321
`- [155, 246]
   |- [116, 129]
   |- [155, 235, 241, 321]
   `- [246, 284, 386]
Insert 98
`- [155, 246]
   |- [98, 116, 129]
   |- [155, 235, 241, 321]
   `- [246, 284, 386]
Insert 12
`- [155, 246]
   |- [12, 98, 116, 129]
   |- [155, 235, 241, 321]
   `- [246, 284, 386]
Insert 16
`- [98, 155, 246]
   |- [12, 16]
   |- [98, 116, 129]
   |- [155, 235, 241, 321]
   `- [246, 284, 386]
Insert 35
`- [98, 155, 246]
   |- [12, 16, 35]
   |- [98, 116, 129]
   |- [155, 235, 241, 321]
   `- [246, 284, 386]
Insert 225
`- [98, 155, 246]
   |- [12, 16, 35]
   |- [98, 116, 129, 225]
   |- [155, 235, 241, 321]
   `- [246, 284, 386]
Insert 211
`- [129]
   |- [98, 116]
   `- [129, 211, 225]
Insert 330
`- [129]
   |- [98, 116]
   `- [129, 211, 225, 330]
Insert 394
`- [129, 225]
   |- [98, 116]
   |- [129, 211]
   `- [225, 330, 394]
Insert 103
`- [129, 225]
   |- [98, 103, 116]
   |- [129, 211]
   `- [225, 330, 394]
Insert 50
`- [129, 225]
   |- [50, 98, 103, 116]
   |- [129, 211]
   `- [225, 330, 394]
Insert 291
`- [129, 225]
   |- [50, 98, 103, 116]
   |- [129, 211]
   `- [225, 291, 330, 394]
Insert 73
`- [98, 129, 225]
   |- [50, 73]
   |- [98, 103, 116]
   |- [129, 211]
   `- [225, 291, 330, 394]
Insert 82
`- [98, 129, 225]
   |- [50, 73, 82]
   |- [98, 103, 116]
   |- [129, 211]
   `- [225, 291, 330, 394]
Insert 122
`- [98, 129, 225]
   |- [50, 73, 82]
   |- [98, 103, 116, 122]
   |- [129, 211]
   `- [225, 291, 330, 394]
Insert 41
`- [98, 129, 225]
   |- [41, 50, 73, 82]
   |- [98, 103, 116, 122]
   |- [129, 211]
   `- [225, 291, 330, 394]
Insert 27
`- [50, 98, 129, 225]
   |- [27, 41]
   |- [50, 73, 82]
   |- [98, 103, 116, 122]
   |- [129, 211]
   `- [225, 291, 330, 394]
Insert 158
`- [50, 98, 129, 225]
   |- [27, 41]
   |- [50, 73, 82, 158]
   |- [98, 103, 116, 122]
   |- [129, 211]
   `- [225, 291, 330, 394]
Insert 236
`- [82]
   |- [50, 73]
   `- [82, 158, 236]
Insert 352
`- [82]
   |- [50, 73]
   `- [82, 158, 236, 352]
Insert 81
`- [82]
   |- [50, 73, 81]
   `- [82, 158, 236, 352]
Insert 244
`- [82, 236]
   |- [50, 73, 81]
   |- [82, 158]
   `- [236, 244, 352]
Insert 53
`- [82, 236]
   |- [50, 53, 73, 81]
   |- [82, 158]
   `- [236, 244, 352]
Insert 260
`- [82, 236]
   |- [50, 53, 73, 81]
   |- [82, 158]
   `- [236, 244, 260, 352]
Insert 69
`- [69, 82, 236]
   |- [50, 53]
   |- [69, 73, 81]
   |- [82, 158]
   `- [236, 244, 260, 352]
Insert 363
`- [69, 82, 236]
   |- [50, 53]
   |- [69, 73, 81, 363]
   |- [82, 158]
   `- [236, 244, 260, 352]
Insert 59
`- [69, 82, 236]
   |- [50, 53, 59]
   |- [69, 73, 81, 363]
   |- [82, 158]
   `- [236, 244, 260, 352]
Insert 114
`- [81]
   |- [69, 73]
   `- [81, 114, 363]
Insert 369
`- [81]
   |- [69, 73]
   `- [81, 114, 363, 369]
Insert 172
`- [81, 172]
   |- [69, 73]
   |- [81, 114]
   `- [172, 363, 369]
Insert 219
`- [81, 172]
   |- [69, 73]
   |- [81, 114]
   `- [172, 219, 363, 369]
Insert 278
`- [278]
   |- [172, 219]
   `- [278, 363, 369]
Insert 99
`- [278]
   |- [99, 172, 219]
   `- [278, 363, 369]
Insert 143
`- [278]
   |- [99, 143, 172, 219]
   `- [278, 363, 369]
Insert 266
`- [172, 278]
   |- [99, 143]
   |- [172, 219, 266]
   `- [278, 363, 369]
Insert 3
`- [172, 278]
   |- [3, 99, 143]
   |- [172, 219, 266]
   `- [278, 363, 369]
Insert 202
`- [172, 278]
   |- [3, 99, 143]
   |- [172, 202, 219, 266]
   `- [278, 363, 369]
Insert 24
`- [172, 278]
   |- [3, 24, 99, 143]
   |- [172, 202, 219, 266]
   `- [278, 363, 369]
Insert 13
`- [24, 172, 278]
   |- [3, 13]
   |- [24, 99, 143]
   |- [172, 202, 219, 266]
   `- [278, 363, 369]
Insert 68
`- [24, 172, 278]
   |- [3, 13]
   |- [24, 68, 99, 143]
   |- [172, 202, 219, 266]
   `- [278, 363, 369]
Insert 307
`- [99]
   |- [24, 68]
   `- [99, 143, 307]
Insert 308
`- [99]
   |- [24, 68]
   `- [99, 143, 307, 308]
Insert 188
`- [99, 188]
   |- [24, 68]
   |- [99, 143]
   `- [188, 307, 308]
Insert 223
`- [99, 188]
   |- [24, 68]
   |- [99, 143]
   `- [188, 223, 307, 308]
Insert 356
`- [307]
   |- [188, 223]
   `- [307, 308, 356]
Insert 333
`- [307]
   |- [188, 223]
   `- [307, 308, 333, 356]
Insert 173
`- [307]
   |- [173, 188, 223]
   `- [307, 308, 333, 356]
Insert 365
`- [307, 333]
   |- [173, 188, 223]
   |- [307, 308]
   `- [333, 356, 365]
Insert 262
`- [307, 333]
   |- [173, 188, 223, 262]
   |- [307, 308]
   `- [333, 356, 365]
Insert 214
`- [214, 307, 333]
   |- [173, 188]
   |- [214, 223, 262]
   |- [307, 308]
   `- [333, 356, 365]
Insert 33
`- [214, 307, 333]
   |- [33, 173, 188]
   |- [214, 223, 262]
   |- [307, 308]
   `- [333, 356, 365]
Insert 149
`- [214, 307, 333]
   |- [33, 149, 173, 188]
   |- [214, 223, 262]
   |- [307, 308]
   `- [333, 356, 365]
Insert 87
`- [149, 214, 307, 333]
   |- [33, 87]
   |- [149, 173, 188]
   |- [214, 223, 262]
   |- [307, 308]
   `- [333, 356, 365]
Insert 193
`- [149, 214, 307, 333]
   |- [33, 87]
   |- [149, 173, 188, 193]
   |- [214, 223, 262]
   |- [307, 308]
   `- [333, 356, 365]
Insert 132
`- [149, 214, 307, 333]
   |- [33, 87, 132]
   |- [149, 173, 188, 193]
   |- [214, 223, 262]
   |- [307, 308]
   `- [333, 356, 365]
Insert 179
`- [179]
   |- [149, 173]
   `- [179, 188, 193]
Insert 109
`- [179]
   |- [109, 149, 173]
   `- [179, 188, 193]
Insert 105
`- [179]
   |- [105, 109, 149, 173]
   `- [179, 188, 193]
Insert 150
`- [149, 179]
   |- [105, 109]
   |- [149, 150, 173]
   `- [179, 188, 193]
Insert 133
`- [149, 179]
   |- [105, 109, 133]
   |- [149, 150, 173]
   `- [179, 188, 193]
Insert 395
`- [149, 179]
   |- [105, 109, 133]
   |- [149, 150, 173, 395]
   `- [179, 188, 193]
Insert 137
`- [149, 179]
   |- [105, 109, 133, 137]
   |- [149, 150, 173, 395]
   `- [179, 188, 193]
Insert 206
`- [173]
   |- [149, 150]
   `- [173, 206, 395]
Insert 11
`- [173]
   |- [11, 149, 150]
   `- [173, 206, 395]
Insert 204
`- [173]
   |- [11, 149, 150]
   `- [173, 204, 206, 395]
Insert 243
`- [173, 206]
   |- [11, 149, 150]
   |- [173, 204]
   `- [206, 243, 395]
Insert 130
`- [173, 206]
   |- [11, 130, 149, 150]
   |- [173, 204]
   `- [206, 243, 395]
Insert 144
`- [144, 173, 206]
   |- [11, 130]
   |- [144, 149, 150]
   |- [173, 204]
   `- [206, 243, 395]
Insert 339
`- [144, 173, 206]
   |- [11, 130]
   |- [144, 149, 150, 339]
   |- [173, 204]
   `- [206, 243, 395]
Insert 123
`- [144, 173, 206]
   |- [11, 123, 130]
   |- [144, 149, 150, 339]
   |- [173, 204]
   `- [206, 243, 395]
Insert 207
`- [150]
   |- [144, 149]
   `- [150, 207, 339]
Insert 100
`- [150]
   |- [100, 144, 149]
   `- [150, 207, 339]
Insert 295
`- [150]
   |- [100, 144, 149]
   `- [150, 207, 295, 339]
Insert 110
`- [150]
   |- [100, 110, 144, 149]
   `- [150, 207, 295, 339]
Insert 148
`- [144, 150]
   |- [100, 110]
   |- [144, 148, 149]
   `- [150, 207, 295, 339]
Insert 336
`- [144, 150]
   |- [100, 110]
   |- [144, 148, 149, 336]
   `- [150, 207, 295, 339]
Insert 111
`- [144, 150]
   |- [100, 110, 111]
   |- [144, 148, 149, 336]
   `- [150, 207, 295, 339]
Insert 92
`- [144, 150]
   |- [92, 100, 110, 111]
   |- [144, 148, 149, 336]
   `- [150, 207, 295, 339]
Insert 40
`- [100, 144, 150]
   |- [40, 92]
   |- [100, 110, 111]
   |- [144, 148, 149, 336]
   `- [150, 207, 295, 339]
Insert 198
`- [100, 144, 150]
   |- [40, 92]
   |- [100, 110, 111, 198]
   |- [144, 148, 149, 336]
   `- [150, 207, 295, 339]
Insert 306
`- [111]
   |- [100, 110]
   `- [111, 198, 306]
Insert 240
`- [111]
   |- [100, 110]
   `- [111, 198, 240, 306]
Insert 288
`- [111, 240]
   |- [100, 110]
   |- [111, 198]
   `- [240, 288, 306]
Insert 358
`- [111, 240]
   |- [100, 110]
   |- [111, 198]
   `- [240, 288, 306, 358]
Insert 300
`- [300]
   |- [240, 288]
   `- [300, 306, 358]
Insert 264
`- [300]
   |- [240, 264, 288]
   `- [300, 306, 358]
Insert 375
`- [300]
   |- [240, 264, 288]
   `- [300, 306, 358, 375]
Insert 368
`- [300, 358]
   |- [240, 264, 288]
   |- [300, 306]
   `- [358, 368, 375]
Insert 32
`- [300, 358]
   |- [32, 240, 264, 288]
   |- [300, 306]
   `- [358, 368, 375]
Insert 153
`- [240, 300, 358]
   |- [32, 153]
   |- [240, 264, 288]
   |- [300, 306]
   `- [358, 368, 375]
Insert 247
`- [240, 300, 358]
   |- [32, 153]
   |- [240, 247, 264, 288]
   |- [300, 306]
   `- [358, 368, 375]
Insert 396
`- [264]
   |- [240, 247]
   `- [264, 288, 396]
Insert 85
`- [264]
   |- [85, 240, 247]
   `- [264, 288, 396]
Insert 329
`- [264]
   |- [85, 240, 247]
   `- [264, 288, 329, 396]
Insert 337
`- [264, 329]
   |- [85, 240, 247]
   |- [264, 288]
   `- [329, 337, 396]
Insert 36
`- [264, 329]
   |- [36, 85, 240, 247]
   |- [264, 288]
   `- [329, 337, 396]
Insert 201
`- [201, 264, 329]
   |- [36, 85]
   |- [201, 240, 247]
   |- [264, 288]
   `- [329, 337, 396]
Insert 372
`- [201, 264, 329]
   |- [36, 85]
   |- [201, 240, 247, 372]
   |- [264, 288]
   `- [329, 337, 396]
Insert 195
`- [201, 264, 329]
   |- [36, 85, 195]
   |- [201, 240, 247, 372]
   |- [264, 288]
   `- [329, 337, 396]
Insert 233
`- [240]
   |- [201, 233]
   `- [240, 247, 372]
Insert 176
`- [240]
   |- [176, 201, 233]
   `- [240, 247, 372]
Insert 318
`- [240]
   |- [176, 201, 233]
   `- [240, 247, 318, 372]
Insert 239
`- [240]
   |- [176, 201, 233, 239]
   `- [240, 247, 318, 372]
Insert 79
`- [201, 240]
   |- [79, 176]
   |- [201, 233, 239]
   `- [240, 247, 318, 372]
Insert 338
`- [201, 240]
   |- [79, 176]
   |- [201, 233, 239, 338]
   `- [240, 247, 318, 372]
Insert 128
`- [201, 240]
   |- [79, 128, 176]
   |- [201, 233, 239, 338]
   `- [240, 247, 318, 372]
Insert 342
`- [239]
   |- [201, 233]
   `- [239, 338, 342]
Insert 88
`- [239]
   |- [88, 201, 233]
   `- [239, 338, 342]
Insert 134
`- [239]
   |- [88, 134, 201, 233]
   `- [239, 338, 342]
Insert 215
`- [201, 239]
   |- [88, 134]
   |- [201, 215, 233]
   `- [239, 338, 342]
Insert 43
`- [201, 239]
   |- [43, 88, 134]
   |- [201, 215, 233]
   `- [239, 338, 342]
Insert 335
`- [201, 239]
   |- [43, 88, 134]
   |- [201, 215, 233, 335]
   `- [239, 338, 342]
Insert 154
`- [201, 239]
   |- [43, 88, 134, 154]
   |- [201, 215, 233, 335]
   `- [239, 338, 342]
Insert 299
`- [233]
   |- [201, 215]
   `- [233, 299, 335]
Insert 258
`- [233]
   |- [201, 215]
   `- [233, 258, 299, 335]
Insert 309
`- [233, 299]
   |- [201, 215]
   |- [233, 258]
   `- [299, 309, 335]
Insert 29
`- [233, 299]
   |- [29, 201, 215]
   |- [233, 258]
   `- [299, 309, 335]
Insert 84
`- [233, 299]
   |- [29, 84, 201, 215]
   |- [233, 258]
   `- [299, 309, 335]
Insert 263
`- [233, 299]
   |- [29, 84, 201, 215]
   |- [233, 258, 263]
   `- [299, 309, 335]
Insert 360
`- [233, 299]
   |- [29, 84, 201, 215]
   |- [233, 258, 263]
   `- [299, 309, 335, 360]
Insert 31
`- [84, 233, 299]
   |- [29, 31]
   |- [84, 201, 215]
   |- [233, 258, 263]
   `- [299, 309, 335, 360]
Insert 175
`- [84, 233, 299]
   |- [29, 31]
   |- [84, 175, 201, 215]
   |- [233, 258, 263]
   `- [299, 309, 335, 360]
Insert 218
`- [201]
   |- [84, 175]
   `- [201, 215, 218]
Insert 367
`- [201]
   |- [84, 175]
   `- [201, 215, 218, 367]
Insert 242
`- [201, 218]
   |- [84, 175]
   |- [201, 215]
   `- [218, 242, 367]
Insert 287
`- [201, 218]
   |- [84, 175]
   |- [201, 215]
   `- [218, 242, 287, 367]
Insert 93
`- [201, 218]
   |- [84, 93, 175]
   |- [201, 215]
   `- [218, 242, 287, 367]
Insert 277
`- [277]
   |- [218, 242]
   `- [277, 287, 367]
Insert 355
`- [277]
   |- [218, 242]
   `- [277, 287, 355, 367]
Insert 51
`- [277]
   |- [51, 218, 242]
   `- [277, 287, 355, 367]
Insert 1
`- [277]
   |- [1, 51, 218, 242]
   `- [277, 287, 355, 367]
Insert 377
`- [277, 355]
   |- [1, 51, 218, 242]
   |- [277, 287]
   `- [355, 367, 377]
Insert 399
`- [277, 355]
   |- [1, 51, 218, 242]
   |- [277, 287]
   `- [355, 367, 377, 399]
Insert 62
`- [62, 277, 355]
   |- [1, 51]
   |- [62, 218, 242]
   |- [277, 287]
   `- [355, 367, 377, 399]
Insert 186
`- [62, 277, 355]
   |- [1, 51]
   |- [62, 186, 218, 242]
   |- [277, 287]
   `- [355, 367, 377, 399]
Insert 380
`- [218]
   |- [62, 186]
   `- [218, 242, 380]
Insert 165
`- [218]
   |- [62, 165, 186]
   `- [218, 242, 380]
Insert 361
`- [218]
   |- [62, 165, 186]
   `- [218, 242, 361, 380]
Insert 324
`- [218, 324]
   |- [62, 165, 186]
   |- [218, 242]
   `- [324, 361, 380]
Insert 30
`- [218, 324]
   |- [30, 62, 165, 186]
   |- [218, 242]
   `- [324, 361, 380]
Insert 196
`- [165, 218, 324]
   |- [30, 62]
   |- [165, 186, 196]
   |- [218, 242]
   `- [324, 361, 380]
Insert 328
`- [165, 218, 324]
   |- [30, 62]
   |- [165, 186, 196, 328]
   |- [218, 242]
   `- [324, 361, 380]
Insert 107
`- [165, 218, 324]
   |- [30, 62, 107]
   |- [165, 186, 196, 328]
   |- [218, 242]
   `- [324, 361, 380]
Insert 39
`- [165, 218, 324]
   |- [30, 39, 62, 107]
   |- [165, 186, 196, 328]
   |- [218, 242]
   `- [324, 361, 380]
Insert 146
`- [62, 165, 218, 324]
   |- [30, 39]
   |- [62, 107, 146]
   |- [165, 186, 196, 328]
   |- [218, 242]
   `- [324, 361, 380]
Insert 140
`- [62, 165, 218, 324]
   |- [30, 39]
   |- [62, 107, 140, 146]
   |- [165, 186, 196, 328]
   |- [218, 242]
   `- [324, 361, 380]
Insert 58
`- [62, 165, 218, 324]
   |- [30, 39, 58]
   |- [62, 107, 140, 146]
   |- [165, 186, 196, 328]
   |- [218, 242]
   `- [324, 361, 380]
Insert 104
`- [107]
   |- [62, 104]
   `- [107, 140, 146]
Insert 344
`- [107]
   |- [62, 104]
   `- [107, 140, 146, 344]
Insert 113
`- [107, 140]
   |- [62, 104]
   |- [107, 113]
   `- [140, 146, 344]
Insert 108
`- [107, 140]
   |- [62, 104]
   |- [107, 108, 113]
   `- [140, 146, 344]
Insert 280
`- [107, 140]
   |- [62, 104]
   |- [107, 108, 113]
   `- [140, 146, 280, 344]
Insert 327
`- [280]
   |- [140, 146]
   `- [280, 327, 344]
Insert 83
`- [280]
   |- [83, 140, 146]
   `- [280, 327, 344]
Insert 359
`- [280]
   |- [83, 140, 146]
   `- [280, 327, 344, 359]
Insert 398
`- [280, 344]
   |- [83, 140, 146]
   |- [280, 327]
   `- [344, 359, 398]
Insert 373
`- [280, 344]
   |- [83, 140, 146]
   |- [280, 327]
   `- [344, 359, 373, 398]
Insert 26
`- [280, 344]
   |- [26, 83, 140, 146]
   |- [280, 327]
   `- [344, 359, 373, 398]
Insert 303
`- [280, 344]
   |- [26, 83, 140, 146]
   |- [280, 303, 327]
   `- [344, 359, 373, 398]
Insert 184
`- [140, 280, 344]
   |- [26, 83]
   |- [140, 146, 184]
   |- [280, 303, 327]
   `- [344, 359, 373, 398]
Insert 210
`- [140, 280, 344]
   |- [26, 83]
   |- [140, 146, 184, 210]
   |- [280, 303, 327]
   `- [344, 359, 373, 398]
Insert 72
`- [140, 280, 344]
   |- [26, 72, 83]
   |- [140, 146, 184, 210]
   |- [280, 303, 327]
   `- [344, 359, 373, 398]
Insert 57
`- [140, 280, 344]
   |- [26, 57, 72, 83]
   |- [140, 146, 184, 210]
   |- [280, 303, 327]
   `- [344, 359, 373, 398]
Insert 42
`- [57, 140, 280, 344]
   |- [26, 42]
   |- [57, 72, 83]
   |- [140, 146, 184, 210]
   |- [280, 303, 327]
   `- [344, 359, 373, 398]
Insert 106
`- [57, 140, 280, 344]
   |- [26, 42]
   |- [57, 72, 83, 106]
   |- [140, 146, 184, 210]
   |- [280, 303, 327]
   `- [344, 359, 373, 398]
Insert 181
`- [83]
   |- [57, 72]
   `- [83, 106, 181]
Insert 187
`- [83]
   |- [57, 72]
   `- [83, 106, 181, 187]
Insert 163
`- [83, 163]
   |- [57, 72]
   |- [83, 106]
   `- [163, 181, 187]
Insert 90
`- [83, 163]
   |- [57, 72]
   |- [83, 90, 106]
   `- [163, 181, 187]
Insert 127
`- [83, 163]
   |- [57, 72]
   |- [83, 90, 106, 127]
   `- [163, 181, 187]
Insert 192
`- [83, 163]
   |- [57, 72]
   |- [83, 90, 106, 127]
   `- [163, 181, 187, 192]
Insert 78
`- [83, 163]
   |- [57, 72, 78]
   |- [83, 90, 106, 127]
   `- [163, 181, 187, 192]
Insert 199
`- [187]
   |- [163, 181]
   `- [187, 192, 199]
Insert 131
`- [187]
   |- [131, 163, 181]
   `- [187, 192, 199]
Insert 151
`- [187]
   |- [131, 151, 163, 181]
   `- [187, 192, 199]
Insert 28
`- [151, 187]
   |- [28, 131]
   |- [151, 163, 181]
   `- [187, 192, 199]
Insert 166
`- [151, 187]
   |- [28, 131]
   |- [151, 163, 166, 181]
   `- [187, 192, 199]
Insert 311
`- [166]
   |- [151, 163]
   `- [166, 181, 311]
Insert 48
`- [166]
   |- [48, 151, 163]
   `- [166, 181, 311]
Insert 125
`- [166]
   |- [48, 125, 151, 163]
   `- [166, 181, 311]
Insert 366
`- [166]
   |- [48, 125, 151, 163]
   `- [166, 181, 311, 366]
Insert 251
`- [166, 251]
   |- [48, 125, 151, 163]
   |- [166, 181]
   `- [251, 311, 366]
Insert 18
`- [125, 166, 251]
   |- [18, 48]
   |- [125, 151, 163]
   |- [166, 181]
   `- [251, 311, 366]
Insert 102
`- [125, 166, 251]
   |- [18, 48, 102]
   |- [125, 151, 163]
   |- [166, 181]
   `- [251, 311, 366]
Insert 388
`- [125, 166, 251]
   |- [18, 48, 102]
   |- [125, 151, 163, 388]
   |- [166, 181]
   `- [251, 311, 366]
Insert 383
`- [163]
   |- [125, 151]
   `- [163, 383, 388]
Insert 152
`- [163]
   |- [125, 151, 152]
   `- [163, 383, 388]
Insert 200
`- [163]
   |- [125, 151, 152]
   `- [163, 200, 383, 388]
Insert 332
`- [163, 332]
   |- [125, 151, 152]
   |- [163, 200]
   `- [332, 383, 388]
Insert 2
`- [163, 332]
   |- [2, 125, 151, 152]
   |- [163, 200]
   `- [332, 383, 388]
Insert 351
`- [163, 332]
   |- [2, 125, 151, 152]
   |- [163, 200]
   `- [332, 351, 383, 388]
Insert 54
`- [125, 163, 332]
   |- [2, 54]
   |- [125, 151, 152]
   |- [163, 200]
   `- [332, 351, 383, 388]
Insert 126
`- [125, 163, 332]
   |- [2, 54]
   |- [125, 126, 151, 152]
   |- [163, 200]
   `- [332, 351, 383, 388]
Insert 384
`- [151]
   |- [125, 126]
   `- [151, 152, 384]
Insert 346
`- [151]
   |- [125, 126]
   `- [151, 152, 346, 384]
Insert 323
`- [151, 323]
   |- [125, 126]
   |- [151, 152]
   `- [323, 346, 384]
Insert 168
`- [151, 323]
   |- [125, 126]
   |- [151, 152, 168]
   `- [323, 346, 384]
Insert 271
`- [151, 323]
   |- [125, 126]
   |- [151, 152, 168, 271]
   `- [323, 346, 384]
Insert 38
`- [151, 323]
   |- [38, 125, 126]
   |- [151, 152, 168, 271]
   `- [323, 346, 384]
Insert 296
`- [151, 168, 323]
   |- [38, 125, 126]
   |- [151, 152]
   |- [168, 271, 296]
   `- [323, 346, 384]
Insert 354
`- [151, 168, 323]
   |- [38, 125, 126]
   |- [151, 152]
   |- [168, 271, 296, 354]
   `- [323, 346, 384]
Insert 312
`- [296]
   |- [168, 271]
   `- [296, 312, 354]
Insert 19
`- [296]
   |- [19, 168, 271]
   `- [296, 312, 354]
Insert 256
`- [296]
   |- [19, 168, 256, 271]
   `- [296, 312, 354]
Insert 350
`- [296]
   |- [19, 168, 256, 271]
   `- [296, 312, 350, 354]
Insert 167
`- [168, 296]
   |- [19, 167]
   |- [168, 256, 271]
   `- [296, 312, 350, 354]
Insert 326
`- [168, 296]
   |- [19, 167]
   |- [168, 256, 271, 326]
   `- [296, 312, 350, 354]
Insert 378
`- [271]
   |- [168, 256]
   `- [271, 326, 378]
Insert 25
`- [271]
   |- [25, 168, 256]
   `- [271, 326, 378]
Insert 275
`- [271]
   |- [25, 168, 256]
   `- [271, 275, 326, 378]
Insert 393
`- [271, 326]
   |- [25, 168, 256]
   |- [271, 275]
   `- [326, 378, 393]
Insert 170
`- [271, 326]
   |- [25, 168, 170, 256]
   |- [271, 275]
   `- [326, 378, 393]
Insert 20
`- [168, 271, 326]
   |- [20, 25]
   |- [168, 170, 256]
   |- [271, 275]
   `- [326, 378, 393]
Insert 91
`- [168, 271, 326]
   |- [20, 25, 91]
   |- [168, 170, 256]
   |- [271, 275]
   `- [326, 378, 393]
Insert 268
`- [168, 271, 326]
   |- [20, 25, 91]
   |- [168, 170, 256, 268]
   |- [271, 275]
   `- [326, 378, 393]
Insert 145
`- [168, 271, 326]
   |- [20, 25, 91, 145]
   |- [168, 170, 256, 268]
   |- [271, 275]
   `- [326, 378, 393]
Insert 191
`- [191]
   |- [168, 170]
   `- [191, 256, 268]
Insert 34
`- [191]
   |- [34, 168, 170]
   `- [191, 256, 268]
Insert 212
`- [191]
   |- [34, 168, 170]
   `- [191, 212, 256, 268]
Insert 177
`- [191]
   |- [34, 168, 170, 177]
   `- [191, 212, 256, 268]
Insert 213
`- [191, 213]
   |- [34, 168, 170, 177]
   |- [191, 212]
   `- [213, 256, 268]
Insert 357
`- [191, 213]
   |- [34, 168, 170, 177]
   |- [191, 212]
   `- [213, 256, 268, 357]
Insert 301
`- [268]
   |- [213, 256]
   `- [268, 301, 357]
Insert 17
`- [268]
   |- [17, 213, 256]
   `- [268, 301, 357]
Insert 203
`- [268]
   |- [17, 203, 213, 256]
   `- [268, 301, 357]
Insert 120
`- [203, 268]
   |- [17, 120]
   |- [203, 213, 256]
   `- [268, 301, 357]
Insert 157
`- [203, 268]
   |- [17, 120, 157]
   |- [203, 213, 256]
   `- [268, 301, 357]
Insert 274
`- [203, 268]
   |- [17, 120, 157]
   |- [203, 213, 256, 274]
   `- [268, 301, 357]
Insert 135
`- [203, 268]
   |- [17, 120, 135, 157]
   |- [203, 213, 256, 274]
   `- [268, 301, 357]
Insert 46
`- [120, 203, 268]
   |- [17, 46]
   |- [120, 135, 157]
   |- [203, 213, 256, 274]
   `- [268, 301, 357]
Insert 216
`- [120, 203, 268]
   |- [17, 46]
   |- [120, 135, 157, 216]
   |- [203, 213, 256, 274]
   `- [268, 301, 357]
Insert 5
`- [120, 203, 268]
   |- [5, 17, 46]
   |- [120, 135, 157, 216]
   |- [203, 213, 256, 274]
   `- [268, 301, 357]
Insert 252
`- [157]
   |- [120, 135]
   `- [157, 216, 252]
Insert 0
`- [157]
   |- [0, 120, 135]
   `- [157, 216, 252]
Insert 138
`- [157]
   |- [0, 120, 135, 138]
   `- [157, 216, 252]
Insert 49
`- [120, 157]
   |- [0, 49]
   |- [120, 135, 138]
   `- [157, 216, 252]
Insert 379
`- [120, 157]
   |- [0, 49]
   |- [120, 135, 138, 379]
   `- [157, 216, 252]
Insert 55
`- [120, 157]
   |- [0, 49, 55]
   |- [120, 135, 138, 379]
   `- [157, 216, 252]
Insert 281
`- [138]
   |- [120, 135]
   `- [138, 281, 379]
Insert 71
`- [138]
   |- [71, 120, 135]
   `- [138, 281, 379]
Insert 190
`- [138]
   |- [71, 120, 135]
   `- [138, 190, 281, 379]
Insert 250
`- [138, 250]
   |- [71, 120, 135]
   |- [138, 190]
   `- [250, 281, 379]
Insert 156
`- [138, 250]
   |- [71, 120, 135]
   |- [138, 156, 190]
   `- [250, 281, 379]
Insert 238
`- [138, 250]
   |- [71, 120, 135]
   |- [138, 156, 190, 238]
   `- [250, 281, 379]
Insert 97
`- [138, 250]
   |- [71, 97, 120, 135]
   |- [138, 156, 190, 238]
   `- [250, 281, 379]
Insert 297
`- [138, 250]
   |- [71, 97, 120, 135]
   |- [138, 156, 190, 238]
   `- [250, 281, 297, 379]
Insert 392
`- [297]
   |- [250, 281]
   `- [297, 379, 392]
Insert 270
`- [297]
   |- [250, 270, 281]
   `- [297, 379, 392]
Insert 121
`- [297]
   |- [121, 250, 270, 281]
   `- [297, 379, 392]
Insert 364
`- [297]
   |- [121, 250, 270, 281]
   `- [297, 364, 379, 392]
Insert 286
`- [270, 297]
   |- [121, 250]
   |- [270, 281, 286]
   `- [297, 364, 379, 392]
Insert 390
`- [270, 297]
   |- [121, 250]
   |- [270, 281, 286, 390]
   `- [297, 364, 379, 392]
Insert 182
`- [270, 297]
   |- [121, 182, 250]
   |- [270, 281, 286, 390]
   `- [297, 364, 379, 392]
Insert 292
`- [286]
   |- [270, 281]
   `- [286, 292, 390]
Insert 237
`- [286]
   |- [237, 270, 281]
   `- [286, 292, 390]
Insert 314
`- [286]
   |- [237, 270, 281]
   `- [286, 292, 314, 390]
Insert 232
`- [286]
   |- [232, 237, 270, 281]
   `- [286, 292, 314, 390]
Insert 374
`- [286, 314]
   |- [232, 237, 270, 281]
   |- [286, 292]
   `- [314, 374, 390]
Insert 343
`- [286, 314]
   |- [232, 237, 270, 281]
   |- [286, 292]
   `- [314, 343, 374, 390]
Insert 261
`- [261, 286, 314]
   |- [232, 237]
   |- [261, 270, 281]
   |- [286, 292]
   `- [314, 343, 374, 390]
Insert 387
`- [261, 286, 314]
   |- [232, 237]
   |- [261, 270, 281, 387]
   |- [286, 292]
   `- [314, 343, 374, 390]
Insert 45
`- [261, 286, 314]
   |- [45, 232, 237]
   |- [261, 270, 281, 387]
   |- [286, 292]
   `- [314, 343, 374, 390]
Insert 317
`- [281]
   |- [261, 270]
   `- [281, 317, 387]
Insert 325
`- [281]
   |- [261, 270]
   `- [281, 317, 325, 387]
Insert 228
`- [281]
   |- [228, 261, 270]
   `- [281, 317, 325, 387]
Insert 222
`- [281]
   |- [222, 228, 261, 270]
   `- [281, 317, 325, 387]
Insert 67
`- [228, 281]
   |- [67, 222]
   |- [228, 261, 270]
   `- [281, 317, 325, 387]
Insert 185
`- [228, 281]
   |- [67, 185, 222]
   |- [228, 261, 270]
   `- [281, 317, 325, 387]
Insert 205
`- [228, 281]
   |- [67, 185, 205, 222]
   |- [228, 261, 270]
   `- [281, 317, 325, 387]
Insert 197
`- [197, 228, 281]
   |- [67, 185]
   |- [197, 205, 222]
   |- [228, 261, 270]
   `- [281, 317, 325, 387]
Insert 21
`- [197, 228, 281]
   |- [21, 67, 185]
   |- [197, 205, 222]
   |- [228, 261, 270]
   `- [281, 317, 325, 387]
Insert 217
`- [197, 228, 281]
   |- [21, 67, 185]
   |- [197, 205, 217, 222]
   |- [228, 261, 270]
   `- [281, 317, 325, 387]
Insert 194
`- [197, 228, 281]
   |- [21, 67, 185, 194]
   |- [197, 205, 217, 222]
   |- [228, 261, 270]
   `- [281, 317, 325, 387]
Insert 96
`- [96, 197, 228, 281]
   |- [21, 67]
   |- [96, 185, 194]
   |- [197, 205, 217, 222]
   |- [228, 261, 270]
   `- [281, 317, 325, 387]
Insert 293
`- [96, 197, 228, 281]
   |- [21, 67]
   |- [96, 185, 194, 293]
   |- [197, 205, 217, 222]
   |- [228, 261, 270]
   `- [281, 317, 325, 387]
Insert 282
`- [194]
   |- [96, 185]
   `- [194, 282, 293]
Insert 209
`- [194]
   |- [96, 185]
   `- [194, 209, 282, 293]
Insert 86
`- [194]
   |- [86, 96, 185]
   `- [194, 209, 282, 293]
Insert 220
`- [194, 220]
   |- [86, 96, 185]
   |- [194, 209]
   `- [220, 282, 293]
Insert 249
`- [194, 220]
   |- [86, 96, 185]
   |- [194, 209]
   `- [220, 249, 282, 293]
Insert 230
`- [249]
   |- [220, 230]
   `- [249, 282, 293]
Insert 169
`- [249]
   |- [169, 220, 230]
   `- [249, 282, 293]
Insert 316
`- [249]
   |- [169, 220, 230]
   `- [249, 282, 293, 316]
Insert 94
`- [249]
   |- [94, 169, 220, 230]
   `- [249, 282, 293, 316]
Insert 118
`- [169, 249]
   |- [94, 118]
   |- [169, 220, 230]
   `- [249, 282, 293, 316]
Insert 164
`- [169, 249]
   |- [94, 118, 164]
   |- [169, 220, 230]
   `- [249, 282, 293, 316]
Insert 381
`- [169, 249]
   |- [94, 118, 164]
   |- [169, 220, 230, 381]
   `- [249, 282, 293, 316]
Insert 224
`- [224]
   |- [169, 220]
   `- [224, 230, 381]
Insert 245
`- [224]
   |- [169, 220]
   `- [224, 230, 245, 381]
Insert 15
`- [224]
   |- [15, 169, 220]
   `- [224, 230, 245, 381]
Insert 382
`- [224, 245]
   |- [15, 169, 220]
   |- [224, 230]
   `- [245, 381, 382]
Insert 255
`- [224, 245]
   |- [15, 169, 220]
   |- [224, 230]
   `- [245, 255, 381, 382]
Insert 61
`- [224, 245]
   |- [15, 61, 169, 220]
   |- [224, 230]
   `- [245, 255, 381, 382]
Insert 259
`- [259]
   |- [245, 255]
   `- [259, 381, 382]
Insert 265
`- [259]
   |- [245, 255]
   `- [259, 265, 381, 382]
Insert 142
`- [259]
   |- [142, 245, 255]
   `- [259, 265, 381, 382]
Insert 221
`- [259]
   |- [142, 221, 245, 255]
   `- [259, 265, 381, 382]
Insert 273
`- [259, 273]
   |- [142, 221, 245, 255]
   |- [259, 265]
   `- [273, 381, 382]
Insert 75
`- [221, 259, 273]
   |- [75, 142]
   |- [221, 245, 255]
   |- [259, 265]
   `- [273, 381, 382]
Insert 60
`- [221, 259, 273]
   |- [60, 75, 142]
   |- [221, 245, 255]
   |- [259, 265]
   `- [273, 381, 382]
Insert 272
`- [221, 259, 273]
   |- [60, 75, 142]
   |- [221, 245, 255, 272]
   |- [259, 265]
   `- [273, 381, 382]
Insert 139
`- [221, 259, 273]
   |- [60, 75, 139, 142]
   |- [221, 245, 255, 272]
   |- [259, 265]
   `- [273, 381, 382]
Insert 10
`- [75, 221, 259, 273]
   |- [10, 60]
   |- [75, 139, 142]
   |- [221, 245, 255, 272]
   |- [259, 265]
   `- [273, 381, 382]
Insert 227
`- [75, 221, 259, 273]
   |- [10, 60]
   |- [75, 139, 142, 227]
   |- [221, 245, 255, 272]
   |- [259, 265]
   `- [273, 381, 382]
Insert 340
`- [142]
   |- [75, 139]
   `- [142, 227, 340]
Insert 391
`- [142]
   |- [75, 139]
   `- [142, 227, 340, 391]
Insert 159
`- [142, 227]
   |- [75, 139]
   |- [142, 159]
   `- [227, 340, 391]
Insert 101
`- [142, 227]
   |- [75, 101, 139]
   |- [142, 159]
   `- [227, 340, 391]
Insert 89
`- [142, 227]
   |- [75, 89, 101, 139]
   |- [142, 159]
   `- [227, 340, 391]
Insert 80
`- [89, 142, 227]
   |- [75, 80]
   |- [89, 101, 139]
   |- [142, 159]
   `- [227, 340, 391]
Insert 226
`- [89, 142, 227]
   |- [75, 80]
   |- [89, 101, 139, 226]
   |- [142, 159]
   `- [227, 340, 391]
Insert 119
`- [119]
   |- [89, 101]
   `- [119, 139, 226]
Insert 8
`- [119]
   |- [8, 89, 101]
   `- [119, 139, 226]
Insert 66
`- [119]
   |- [8, 66, 89, 101]
   `- [119, 139, 226]
Insert 77
`- [77, 119]
   |- [8, 66]
   |- [77, 89, 101]
   `- [119, 139, 226]
Insert 371
`- [77, 119]
   |- [8, 66]
   |- [77, 89, 101, 371]
   `- [119, 139, 226]