Insert 13
`- [13]
Insert 28
`- [13, 28]
Insert 3
`- [3, 13, 28]
Insert 8
`- [3, 8, 13, 28]
Insert 20
`- [13]
   |- [3, 8]
   `- [13, 20, 28]
Insert 0
`- [13]
   |- [0, 3, 8]
   `- [13, 20, 28]
Insert 21
`- [13]
   |- [0, 3, 8]
   `- [13, 20, 21, 28]
Insert 24
`- [13, 21]
   |- [0, 3, 8]
   |- [13, 20]
   `- [21, 24, 28]
Insert 26
`- [13, 21]
   |- [0, 3, 8]
   |- [13, 20]
   `- [21, 24, 26, 28]
Insert 10
`- [13, 21]
   |- [0, 3, 8, 10]
   |- [13, 20]
   `- [21, 24, 26, 28]
Insert 29
`- [13, 21, 26]
   |- [0, 3, 8, 10]
   |- [13, 20]
   |- [21, 24]
   `- [26, 28, 29]
Insert 12
`- [8, 13, 21, 26]
   |- [0, 3]
   |- [8, 10, 12]
   |- [13, 20]
   |- [21, 24]
   `- [26, 28, 29]
Insert 2
`- [8, 13, 21, 26]
   |- [0, 2, 3]
   |- [8, 10, 12]
   |- [13, 20]
   |- [21, 24]
   `- [26, 28, 29]
Insert 9
`- [8, 13, 21, 26]
   |- [0, 2, 3]
   |- [8, 9, 10, 12]
   |- [13, 20]
   |- [21, 24]
   `- [26, 28, 29]
Insert 11
`- [13]
   |- [8, 10]
   |  |- [0, 2, 3]
   |  |- [8, 9]
   |  `- [10, 11, 12]
   `- [21, 26]
      |- [13, 20]
      |- [21, 24]
      `- [26, 28, 29]
Insert 1
`- [13]
   |- [8, 10]
   |  |- [0, 1, 2, 3]
   |  |- [8, 9]
   |  `- [10, 11, 12]
   `- [21, 26]
      |- [13, 20]
      |- [21, 24]
      `- [26, 28, 29]
Insert 5
`- [13]
   |- [2, 8, 10]
   |  |- [0, 1]
   |  |- [2, 3, 5]
   |  |- [8, 9]
   |  `- [10, 11, 12]
   `- [21, 26]
      |- [13, 20]
      |- [21, 24]
      `- [26, 28, 29]
Insert 14
`- [13]
   |- [2, 8, 10]
   |  |- [0, 1]
   |  |- [2, 3, 5]
   |  |- [8, 9]
   |  `- [10, 11, 12]
   `- [21, 26]
      |- [13, 14, 20]
      |- [21, 24]
      `- [26, 28, 29]
Insert 27
`- [13]
   |- [2, 8, 10]
   |  |- [0, 1]
   |  |- [2, 3, 5]
   |  |- [8, 9]
   |  `- [10, 11, 12]
   `- [21, 26]
      |- [13, 14, 20]
      |- [21, 24]
      `- [26, 27, 28, 29]
Insert 17
`- [13]
   |- [2, 8, 10]
   |  |- [0, 1]
   |  |- [2, 3, 5]
   |  |- [8, 9]
   |  `- [10, 11, 12]
   `- [21, 26]
      |- [13, 14, 17, 20]
      |- [21, 24]
      `- [26, 27, 28, 29]
Insert 22
`- [13]
   |- [2, 8, 10]
   |  |- [0, 1]
   |  |- [2, 3, 5]
   |  |- [8, 9]
   |  `- [10, 11, 12]
   `- [21, 26]
      |- [13, 14, 17, 20]
      |- [21, 22, 24]
      `- [26, 27, 28, 29]
Insert 16
`- [13]
   |- [2, 8, 10]
   |  |- [0, 1]
   |  |- [2, 3, 5]
   |  |- [8, 9]
   |  `- [10, 11, 12]
   `- [16, 21, 26]
      |- [13, 14]
      |- [16, 17, 20]
      |- [21, 22, 24]
      `- [26, 27, 28, 29]
Insert 25
`- [13]
   |- [2, 8, 10]
   |  |- [0, 1]
   |  |- [2, 3, 5]
   |  |- [8, 9]
   |  `- [10, 11, 12]
   `- [16, 21, 26]
      |- [13, 14]
      |- [16, 17, 20]
      |- [21, 22, 24, 25]
      `- [26, 27, 28, 29]
Insert 7
`- [13]
   |- [2, 8, 10]
   |  |- [0, 1]
   |  |- [2, 3, 5, 7]
   |  |- [8, 9]
   |  `- [10, 11, 12]
   `- [16, 21, 26]
      |- [13, 14]
      |- [16, 17, 20]
      |- [21, 22, 24, 25]
      `- [26, 27, 28, 29]
Insert 23
`- [13]
   |- [2, 8, 10]
   |  |- [0, 1]
   |  |- [2, 3, 5, 7]
   |  |- [8, 9]
   |  `- [10, 11, 12]
   `- [16, 21, 23, 26]
      |- [13, 14]
      |- [16, 17, 20]
      |- [21, 22]
      |- [23, 24, 25]
      `- [26, 27, 28, 29]
Insert 18
`- [13]
   |- [2, 8, 10]
   |  |- [0, 1]
   |  |- [2, 3, 5, 7]
   |  |- [8, 9]
   |  `- [10, 11, 12]
   `- [16, 21, 23, 26]
      |- [13, 14]
      |- [16, 17, 18, 20]
      |- [21, 22]
      |- [23, 24, 25]
      `- [26, 27, 28, 29]
Insert 19
`- [13, 21]
   |- [2, 8, 10]
   |  |- [0, 1]
   |  |- [2, 3, 5, 7]
   |  |- [8, 9]
   |  `- [10, 11, 12]
   |- [16, 18]
   |  |- [13, 14]
   |  |- [16, 17]
   |  `- [18, 19, 20]
   `- [23, 26]
      |- [21, 22]
      |- [23, 24, 25]
      `- [26, 27, 28, 29]
Insert 15
`- [13, 21]
   |- [2, 8, 10]
   |  |- [0, 1]
   |  |- [2, 3, 5, 7]
   |  |- [8, 9]
   |  `- [10, 11, 12]
   |- [16, 18]
   |  |- [13, 14, 15]
   |  |- [16, 17]
   |  `- [18, 19, 20]
   `- [23, 26]
      |- [21, 22]
      |- [23, 24, 25]
      `- [26, 27, 28, 29]
Insert 6
`- [13, 21]
   |- [2, 5, 8, 10]
   |  |- [0, 1]
   |  |- [2, 3]
   |  |- [5, 6, 7]
   |  |- [8, 9]
   |  `- [10, 11, 12]
   |- [16, 18]
   |  |- [13, 14, 15]
   |  |- [16, 17]
   |  `- [18, 19, 20]
   `- [23, 26]
      |- [21, 22]
      |- [23, 24, 25]
      `- [26, 27, 28, 29]
Insert 4
`- [13, 21]
   |- [2, 5, 8, 10]
   |  |- [0, 1]
   |  |- [2, 3, 4]
   |  |- [5, 6, 7]
   |  |- [8, 9]
   |  `- [10, 11, 12]
   |- [16, 18]
   |  |- [13, 14, 15]
   |  |- [16, 17]
   |  `- [18, 19, 20]
   `- [23, 26]
      |- [21, 22]
      |- [23, 24, 25]
      `- [26, 27, 28, 29]