Insert 1
`- [1]
Insert 3
`- [1, 3]
Insert 36
`- [1, 3, 36]
Insert 19
`- [1, 3, 19, 36]
Insert 8
`- [8]
   |- [1, 3]
   `- [8, 19, 36]
Insert 20
`- [8]
   |- [1, 3]
   `- [8, 19, 20, 36]
Insert 6
`- [8]
   |- [1, 3, 6]
   `- [8, 19, 20, 36]
Insert 15
`- [8, 19]
   |- [1, 3, 6]
   |- [8, 15]
   `- [19, 20, 36]
Insert 14
`- [8, 19]
   |- [1, 3, 6]
   |- [8, 14, 15]
   `- [19, 20, 36]
Insert 0
`- [8, 19]
   |- [0, 1, 3, 6]
   |- [8, 14, 15]
   `- [19, 20, 36]
Insert 37
`- [8, 19]
   |- [0, 1, 3, 6]
   |- [8, 14, 15]
   `- [19, 20, 36, 37]
Insert 17
`- [8, 19]
   |- [0, 1, 3, 6]
   |- [8, 14, 15, 17]
   `- [19, 20, 36, 37]
Insert 16
`- [8, 15, 19]
   |- [0, 1, 3, 6]
   |- [8, 14]
   |- [15, 16, 17]
   `- [19, 20, 36, 37]
Insert 23
`- [8, 15, 19]
   |- [0, 1, 3, 6]
   |- [8, 14]
   |- [15, 16, 17, 23]
   `- [19, 20, 36, 37]
Insert 18
`- [17]
   |- [15, 16]
   `- [17, 18, 23]
Insert 33
`- [17]
   |- [15, 16]
   `- [17, 18, 23, 33]
Insert 5
`- [17]
   |- [5, 15, 16]
   `- [17, 18, 23, 33]
Insert 31
`- [17, 23]
   |- [5, 15, 16]
   |- [17, 18]
   `- [23, 31, 33]
Insert 26
`- [17, 23]
   |- [5, 15, 16]
   |- [17, 18]
   `- [23, 26, 31, 33]
Insert 28
`- [28]
   |- [23, 26]
   `- [28, 31, 33]
Insert 35
`- [28]
   |- [23, 26]
   `- [28, 31, 33, 35]
Insert 11
`- [28]
   |- [11, 23, 26]
   `- [28, 31, 33, 35]
Insert 4
`- [28]
   |- [4, 11, 23, 26]
   `- [28, 31, 33, 35]
Insert 24
`- [23, 28]
   |- [4, 11]
   |- [23, 24, 26]
   `- [28, 31, 33, 35]
Insert 12
`- [23, 28]
   |- [4, 11, 12]
   |- [23, 24, 26]
   `- [28, 31, 33, 35]
Insert 22
`- [23, 28]
   |- [4, 11, 12, 22]
   |- [23, 24, 26]
   `- [28, 31, 33, 35]
Insert 34
`- [23, 28]
   |- [4, 11, 12, 22]
   |- [23, 24, 26, 34]
   `- [28, 31, 33, 35]
Insert 25
`- [25]
   |- [23, 24]
   `- [25, 26, 34]
Insert 39
`- [25]
   |- [23, 24]
   `- [25, 26, 34, 39]
Insert 32
`- [25, 32]
   |- [23, 24]
   |- [25, 26]
   `- [32, 34, 39]
Insert 10
`- [25, 32]
   |- [10, 23, 24]
   |- [25, 26]
   `- [32, 34, 39]
Insert 29
`- [25, 32]
   |- [10, 23, 24]
   |- [25, 26, 29]
   `- [32, 34, 39]
Insert 27
`- [25, 32]
   |- [10, 23, 24]
   |- [25, 26, 27, 29]
   `- [32, 34, 39]
Insert 13
`- [25, 32]
   |- [10, 13, 23, 24]
   |- [25, 26, 27, 29]
   `- [32, 34, 39]
Insert 9
`- [13, 25, 32]
   |- [9, 10]
   |- [13, 23, 24]
   |- [25, 26, 27, 29]
   `- [32, 34, 39]
Insert 38
`- [13, 25, 32]
   |- [9, 10]
   |- [13, 23, 24, 38]
   |- [25, 26, 27, 29]
   `- [32, 34, 39]
Insert 2
`- [13, 25, 32]
   |- [2, 9, 10]
   |- [13, 23, 24, 38]
   |- [25, 26, 27, 29]
   `- [32, 34, 39]
Insert 21
`- [23]
   |- [13, 21]
   `- [23, 24, 38]
Insert 30
`- [23]
   |- [13, 21]
   `- [23, 24, 30, 38]
Insert 7
`- [23]
   |- [7, 13, 21]
   `- [23, 24, 30, 38]