Insert 48
`- [48]
Insert 99
`- [48, 99]
Insert 45
`- [45, 48, 99]
Insert 52
`- [45, 48, 52, 99]
Insert 67
`- [52]
   |- [45, 48]
   `- [52, 67, 99]
Insert 90
`- [52]
   |- [45, 48]
   `- [52, 67, 90, 99]
Insert 30
`- [52]
   |- [30, 45, 48]
   `- [52, 67, 90, 99]
Insert 98
`- [52, 90]
   |- [30, 45, 48]
   |- [52, 67]
   `- [90, 98, 99]
Insert 37
`- [52, 90]
   |- [30, 37, 45, 48]
   |- [52, 67]
   `- [90, 98, 99]
Insert 54
`- [52, 90]
   |- [30, 37, 45, 48]
   |- [52, 54, 67]
   `- [90, 98, 99]
Insert 91
`- [52, 90]
   |- [30, 37, 45, 48]
   |- [52, 54, 67]
   `- [90, 91, 98, 99]
Insert 82
`- [52, 90]
   |- [30, 37, 45, 48]
   |- [52, 54, 67, 82]
   `- [90, 91, 98, 99]
Insert 87
`- [52, 67, 90]
   |- [30, 37, 45, 48]
   |- [52, 54]
   |- [67, 82, 87]
   `- [90, 91, 98, 99]
Insert 77
`- [52, 67, 90]
   |- [30, 37, 45, 48]
   |- [52, 54]
   |- [67, 77, 82, 87]
   `- [90, 91, 98, 99]
Insert 25
`- [37, 52, 67, 90]
   |- [25, 30]
   |- [37, 45, 48]
   |- [52, 54]
   |- [67, 77, 82, 87]
   `- [90, 91, 98, 99]
Insert 89
`- [37, 52, 67, 90]
   |- [25, 30]
   |- [37, 45, 48, 89]
   |- [52, 54]
   |- [67, 77, 82, 87]
   `- [90, 91, 98, 99]
Insert 75
`- [48]
   |- [37, 45]
   `- [48, 75, 89]
Insert 57
`- [48]
   |- [37, 45]
   `- [48, 57, 75, 89]
Insert 94
`- [48, 75]
   |- [37, 45]
   |- [48, 57]
   `- [75, 89, 94]
Insert 3
`- [48, 75]
   |- [3, 37, 45]
   |- [48, 57]
   `- [75, 89, 94]
Insert 59
`- [48, 75]
   |- [3, 37, 45]
   |- [48, 57, 59]
   `- [75, 89, 94]
Insert 66
`- [48, 75]
   |- [3, 37, 45]
   |- [48, 57, 59, 66]
   `- [75, 89, 94]
Insert 76
`- [48, 75]
   |- [3, 37, 45]
   |- [48, 57, 59, 66]
   `- [75, 76, 89, 94]
Insert 10
`- [48, 75]
   |- [3, 10, 37, 45]
   |- [48, 57, 59, 66]
   `- [75, 76, 89, 94]
Insert 83
`- [83]
   |- [75, 76]
   `- [83, 89, 94]
Insert 78
`- [83]
   |- [75, 76, 78]
   `- [83, 89, 94]
Insert 93
`- [83]
   |- [75, 76, 78]
   `- [83, 89, 93, 94]
Insert 21
`- [83]
   |- [21, 75, 76, 78]
   `- [83, 89, 93, 94]
Insert 81
`- [76, 83]
   |- [21, 75]
   |- [76, 78, 81]
   `- [83, 89, 93, 94]
Insert 39
`- [76, 83]
   |- [21, 39, 75]
   |- [76, 78, 81]
   `- [83, 89, 93, 94]
Insert 36
`- [76, 83]
   |- [21, 36, 39, 75]
   |- [76, 78, 81]
   `- [83, 89, 93, 94]
Insert 38
`- [38, 76, 83]
   |- [21, 36]
   |- [38, 39, 75]
   |- [76, 78, 81]
   `- [83, 89, 93, 94]
Insert 69
`- [38, 76, 83]
   |- [21, 36]
   |- [38, 39, 69, 75]
   |- [76, 78, 81]
   `- [83, 89, 93, 94]
Insert 28
`- [38, 76, 83]
   |- [21, 28, 36]
   |- [38, 39, 69, 75]
   |- [76, 78, 81]
   `- [83, 89, 93, 94]
Insert 42
`- [42]
   |- [38, 39]
   `- [42, 69, 75]
Insert 7
`- [42]
   |- [7, 38, 39]
   `- [42, 69, 75]
Insert 55
`- [42]
   |- [7, 38, 39]
   `- [42, 55, 69, 75]
Insert 58
`- [42, 58]
   |- [7, 38, 39]
   |- [42, 55]
   `- [58, 69, 75]
Insert 35
`- [42, 58]
   |- [7, 35, 38, 39]
   |- [42, 55]
   `- [58, 69, 75]
Insert 70
`- [42, 58]
   |- [7, 35, 38, 39]
   |- [42, 55]
   `- [58, 69, 70, 75]
Insert 15
`- [35, 42, 58]
   |- [7, 15]
   |- [35, 38, 39]
   |- [42, 55]
   `- [58, 69, 70, 75]
Insert 64
`- [35, 42, 58]
   |- [7, 15]
   |- [35, 38, 39, 64]
   |- [42, 55]
   `- [58, 69, 70, 75]
Insert 47
`- [39]
   |- [35, 38]
   `- [39, 47, 64]
Insert 49
`- [39]
   |- [35, 38]
   `- [39, 47, 49, 64]
Insert 65
`- [39, 49]
   |- [35, 38]
   |- [39, 47]
   `- [49, 64, 65]
Insert 68
`- [39, 49]
   |- [35, 38]
   |- [39, 47]
   `- [49, 64, 65, 68]
Insert 19
`- [39, 49]
   |- [19, 35, 38]
   |- [39, 47]
   `- [49, 64, 65, 68]
Insert 20
`- [39, 49]
   |- [19, 20, 35, 38]
   |- [39, 47]
   `- [49, 64, 65, 68]
Insert 33
`- [33, 39, 49]
   |- [19, 20]
   |- [33, 35, 38]
   |- [39, 47]
   `- [49, 64, 65, 68]
Insert 1
`- [33, 39, 49]
   |- [1, 19, 20]
   |- [33, 35, 38]
   |- [39, 47]
   `- [49, 64, 65, 68]
Insert 27
`- [33, 39, 49]
   |- [1, 19, 20, 27]
   |- [33, 35, 38]
   |- [39, 47]
   `- [49, 64, 65, 68]
Insert 23
`- [20, 33, 39, 49]
   |- [1, 19]
   |- [20, 23, 27]
   |- [33, 35, 38]
   |- [39, 47]
   `- [49, 64, 65, 68]
Insert 13
`- [20, 33, 39, 49]
   |- [1, 13, 19]
   |- [20, 23, 27]
   |- [33, 35, 38]
   |- [39, 47]
   `- [49, 64, 65, 68]
Insert 72
`- [20, 33, 39, 49]
   |- [1, 13, 19]
   |- [20, 23, 27, 72]
   |- [33, 35, 38]
   |- [39, 47]
   `- [49, 64, 65, 68]
Insert 31
`- [27]
   |- [20, 23]
   `- [27, 31, 72]
Insert 50
`- [27]
   |- [20, 23]
   `- [27, 31, 50, 72]
Insert 32
`- [27, 32]
   |- [20, 23]
   |- [27, 31]
   `- [32, 50, 72]
Insert 51
`- [27, 32]
   |- [20, 23]
   |- [27, 31]
   `- [32, 50, 51, 72]
Insert 63
`- [51]
   |- [32, 50]
   `- [51, 63, 72]
Insert 61
`- [51]
   |- [32, 50]
   `- [51, 61, 63, 72]
Insert 62
`- [51, 62]
   |- [32, 50]
   |- [51, 61]
   `- [62, 63, 72]
Insert 80
`- [51, 62]
   |- [32, 50]
   |- [51, 61]
   `- [62, 63, 72, 80]
Insert 41
`- [51, 62]
   |- [32, 41, 50]
   |- [51, 61]
   `- [62, 63, 72, 80]
Insert 12
`- [51, 62]
   |- [12, 32, 41, 50]
   |- [51, 61]
   `- [62, 63, 72, 80]
Insert 43
`- [41, 51, 62]
   |- [12, 32]
   |- [41, 43, 50]
   |- [51, 61]
   `- [62, 63, 72, 80]
Insert 4
`- [41, 51, 62]
   |- [4, 12, 32]
   |- [41, 43, 50]
   |- [51, 61]
   `- [62, 63, 72, 80]
Insert 2
`- [41, 51, 62]
   |- [2, 4, 12, 32]
   |- [41, 43, 50]
   |- [51, 61]
   `- [62, 63, 72, 80]
Insert 74
`- [41, 51, 62]
   |- [2, 4, 12, 32]
   |- [41, 43, 50, 74]
   |- [51, 61]
   `- [62, 63, 72, 80]
Insert 53
`- [50]
   |- [41, 43]
   `- [50, 53, 74]
Insert 11
`- [50]
   |- [11, 41, 43]
   `- [50, 53, 74]
Insert 16
`- [50]
   |- [11, 16, 41, 43]
   `- [50, 53, 74]
Insert 5
`- [16, 50]
   |- [5, 11]
   |- [16, 41, 43]
   `- [50, 53, 74]
Insert 60
`- [16, 50]
   |- [5, 11]
   |- [16, 41, 43, 60]
   `- [50, 53, 74]
Insert 0
`- [16, 50]
   |- [0, 5, 11]
   |- [16, 41, 43, 60]
   `- [50, 53, 74]
Insert 24
`- [41]
   |- [16, 24]
   `- [41, 43, 60]
Insert 8
`- [41]
   |- [8, 16, 24]
   `- [41, 43, 60]
Insert 46
`- [41]
   |- [8, 16, 24]
   `- [41, 43, 46, 60]
Insert 56
`- [41, 46]
   |- [8, 16, 24]
   |- [41, 43]
   `- [46, 56, 60]
Insert 26
`- [41, 46]
   |- [8, 16, 24, 26]
   |- [41, 43]
   `- [46, 56, 60]
Insert 6
`- [16, 41, 46]
   |- [6, 8]
   |- [16, 24, 26]
   |- [41, 43]
   `- [46, 56, 60]
Insert 86
`- [16, 41, 46]
   |- [6, 8]
   |- [16, 24, 26, 86]
   |- [41, 43]
   `- [46, 56, 60]
Insert 34
`- [26]
   |- [16, 24]
   `- [26, 34, 86]
Insert 9
`- [26]
   |- [9, 16, 24]
   `- [26, 34, 86]
Insert 96
`- [26]
   |- [9, 16, 24]
   `- [26, 34, 86, 96]
Insert 97
`- [26, 86]
   |- [9, 16, 24]
   |- [26, 34]
   `- [86, 96, 97]
Insert 84
`- [26, 86]
   |- [9, 16, 24]
   |- [26, 34, 84]
   `- [86, 96, 97]
Insert 95
`- [26, 86]
   |- [9, 16, 24]
   |- [26, 34, 84]
   `- [86, 95, 96, 97]
Insert 92
`- [95]
   |- [86, 92]
   `- [95, 96, 97]
Insert 44
`- [95]
   |- [44, 86, 92]
   `- [95, 96, 97]
Insert 79
`- [95]
   |- [44, 79, 86, 92]
   `- [95, 96, 97]
Insert 73
`- [79, 95]
   |- [44, 73]
   |- [79, 86, 92]
   `- [95, 96, 97]
Insert 22
`- [79, 95]
   |- [22, 44, 73]
   |- [79, 86, 92]
   `- [95, 96, 97]
Insert 29
`- [79, 95]
   |- [22, 29, 44, 73]
   |- [79, 86, 92]
   `- [95, 96, 97]
Insert 88
`- [79, 95]
   |- [22, 29, 44, 73]
   |- [79, 86, 88, 92]
   `- [95, 96, 97]
Insert 40
`- [40, 79, 95]
   |- [22, 29]
   |- [40, 44, 73]
   |- [79, 86, 88, 92]
   `- [95, 96, 97]
Insert 71
`- [40, 79, 95]
   |- [22, 29]
   |- [40, 44, 71, 73]
   |- [79, 86, 88, 92]
   `- [95, 96, 97]
Insert 14
`- [40, 79, 95]
   |- [14, 22, 29]
   |- [40, 44, 71, 73]
   |- [79, 86, 88, 92]
   `- [95, 96, 97]
Insert 85
`- [71]
   |- [40, 44]
   `- [71, 73, 85]
Insert 17
`- [71]
   |- [17, 40, 44]
   `- [71, 73, 85]
Insert 18
`- [71]
   |- [17, 18, 40, 44]
   `- [71, 73, 85]