Insert 3
`- [3]
Insert 15
`- [3, 15]
Insert 33
`- [3, 15, 33]
Insert 7
`- [3, 7, 15, 33]
Insert 23
`- [15]
   |- [3, 7]
   `- [15, 23, 33]
Insert 35
`- [15]
   |- [3, 7]
   `- [15, 23, 33, 35]
Insert 11
`- [15]
   |- [3, 7, 11]
   `- [15, 23, 33, 35]
Insert 12
`- [15]
   |- [3, 7, 11, 12]
   `- [15, 23, 33, 35]
Insert 27
`- [15, 27]
   |- [3, 7, 11, 12]
   |- [15, 23]
   `- [27, 33, 35]
Insert 24
`- [15, 27]
   |- [3, 7, 11, 12]
   |- [15, 23, 24]
   `- [27, 33, 35]
Insert 22
`- [15, 27]
   |- [3, 7, 11, 12]
   |- [15, 22, 23, 24]
   `- [27, 33, 35]
Insert 21
`- [15, 22, 27]
   |- [3, 7, 11, 12]
   |- [15, 21]
   |- [22, 23, 24]
   `- [27, 33, 35]
Insert 13
`- [11, 15, 22, 27]
   |- [3, 7]
   |- [11, 12, 13]
   |- [15, 21]
   |- [22, 23, 24]
   `- [27, 33, 35]
Insert 20
`- [11, 15, 22, 27]
   |- [3, 7]
   |- [11, 12, 13]
   |- [15, 20, 21]
   |- [22, 23, 24]
   `- [27, 33, 35]
Insert 17
`- [11, 15, 22, 27]
   |- [3, 7]
   |- [11, 12, 13]
   |- [15, 17, 20, 21]
   |- [22, 23, 24]
   `- [27, 33, 35]
Insert 6
`- [11, 15, 22, 27]
   |- [3, 6, 7]
   |- [11, 12, 13]
   |- [15, 17, 20, 21]
   |- [22, 23, 24]
   `- [27, 33, 35]
Insert 16
`- [17]
   |- [11, 15]
   |  |- [3, 6, 7]
   |  |- [11, 12, 13]
   |  `- [15, 16]
   `- [22, 27]
      |- [17, 20, 21]
      |- [22, 23, 24]
      `- [27, 33, 35]
Insert 25
`- [17]
   |- [11, 15]
   |  |- [3, 6, 7]
   |  |- [11, 12, 13]
   |  `- [15, 16]
   `- [22, 27]
      |- [17, 20, 21]
      |- [22, 23, 24, 25]
      `- [27, 33, 35]
Insert 2
`- [17]
   |- [11, 15]
   |  |- [2, 3, 6, 7]
   |  |- [11, 12, 13]
   |  `- [15, 16]
   `- [22, 27]
      |- [17, 20, 21]
      |- [22, 23, 24, 25]
      `- [27, 33, 35]
Insert 36
`- [17]
   |- [11, 15]
   |  |- [2, 3, 6, 7]
   |  |- [11, 12, 13]
   |  `- [15, 16]
   `- [22, 27]
      |- [17, 20, 21]
      |- [22, 23, 24, 25]
      `- [27, 33, 35, 36]
Insert 1
`- [17]
   |- [3, 11, 15]
   |  |- [1, 2]
   |  |- [3, 6, 7]
   |  |- [11, 12, 13]
   |  `- [15, 16]
   `- [22, 27]
      |- [17, 20, 21]
      |- [22, 23, 24, 25]
      `- [27, 33, 35, 36]
Insert 10
`- [17]
   |- [3, 11, 15]
   |  |- [1, 2]
   |  |- [3, 6, 7, 10]
   |  |- [11, 12, 13]
   |  `- [15, 16]
   `- [22, 27]
      |- [17, 20, 21]
      |- [22, 23, 24, 25]
      `- [27, 33, 35, 36]
Insert 8
`- [17]
   |- [3, 7, 11, 15]
   |  |- [1, 2]
   |  |- [3, 6]
   |  |- [7, 8, 10]
   |  |- [11, 12, 13]
   |  `- [15, 16]
   `- [22, 27]
      |- [17, 20, 21]
      |- [22, 23, 24, 25]
      `- [27, 33, 35, 36]
Insert 4
`- [17]
   |- [3, 7, 11, 15]
   |  |- [1, 2]
   |  |- [3, 4, 6]
   |  |- [7, 8, 10]
   |  |- [11, 12, 13]
   |  `- [15, 16]
   `- [22, 27]
      |- [17, 20, 21]
      |- [22, 23, 24, 25]
      `- [27, 33, 35, 36]
Insert 28
`- [17]
   |- [3, 7, 11, 15]
   |  |- [1, 2]
   |  |- [3, 4, 6]
   |  |- [7, 8, 10]
   |  |- [11, 12, 13]
   |  `- [15, 16]
   `- [22, 27, 33]
      |- [17, 20, 21]
      |- [22, 23, 24, 25]
      |- [27, 28]
      `- [33, 35, 36]
Insert 39
`- [17]
   |- [3, 7, 11, 15]
   |  |- [1, 2]
   |  |- [3, 4, 6]
   |  |- [7, 8, 10]
   |  |- [11, 12, 13]
   |  `- [15, 16]
   `- [22, 27, 33]
      |- [17, 20, 21]
      |- [22, 23, 24, 25]
      |- [27, 28]
      `- [33, 35, 36, 39]
Insert 30
`- [17]
   |- [3, 7, 11, 15]
   |  |- [1, 2]
   |  |- [3, 4, 6]
   |  |- [7, 8, 10]
   |  |- [11, 12, 13]
   |  `- [15, 16]
   `- [22, 27, 33]
      |- [17, 20, 21]
      |- [22, 23, 24, 25]
      |- [27, 28, 30]
      `- [33, 35, 36, 39]
Insert 38
`- [17]
   |- [3, 7, 11, 15]
   |  |- [1, 2]
   |  |- [3, 4, 6]
   |  |- [7, 8, 10]
   |  |- [11, 12, 13]
   |  `- [15, 16]
   `- [22, 27, 33, 36]
      |- [17, 20, 21]
      |- [22, 23, 24, 25]
      |- [27, 28, 30]
      |- [33, 35]
      `- [36, 38, 39]
Insert 26
`- [17, 27]
   |- [3, 7, 11, 15]
   |  |- [1, 2]
   |  |- [3, 4, 6]
   |  |- [7, 8, 10]
   |  |- [11, 12, 13]
   |  `- [15, 16]
   |- [22, 24]
   |  |- [17, 20, 21]
   |  |- [22, 23]
   |  `- [24, 25, 26]
   `- [33, 36]
      |- [27, 28, 30]
      |- [33, 35]
      `- [36, 38, 39]
Insert 9
`- [17, 27]
   |- [3, 7, 11, 15]
   |  |- [1, 2]
   |  |- [3, 4, 6]
   |  |- [7, 8, 9, 10]
   |  |- [11, 12, 13]
   |  `- [15, 16]
   |- [22, 24]
   |  |- [17, 20, 21]
   |  |- [22, 23]
   |  `- [24, 25, 26]
   `- [33, 36]
      |- [27, 28, 30]
      |- [33, 35]
      `- [36, 38, 39]
Insert 14
`- [17, 27]
   |- [3, 7, 11, 15]
   |  |- [1, 2]
   |  |- [3, 4, 6]
   |  |- [7, 8, 9, 10]
   |  |- [11, 12, 13, 14]
   |  `- [15, 16]
   |- [22, 24]
   |  |- [17, 20, 21]
   |  |- [22, 23]
   |  `- [24, 25, 26]
   `- [33, 36]
      |- [27, 28, 30]
      |- [33, 35]
      `- [36, 38, 39]
Insert 31
`- [17, 27]
   |- [3, 7, 11, 15]
   |  |- [1, 2]
   |  |- [3, 4, 6]
   |  |- [7, 8, 9, 10]
   |  |- [11, 12, 13, 14]
   |  `- [15, 16]
   |- [22, 24]
   |  |- [17, 20, 21]
   |  |- [22, 23]
   |  `- [24, 25, 26]
   `- [33, 36]
      |- [27, 28, 30, 31]
      |- [33, 35]
      `- [36, 38, 39]
Insert 18
`- [17, 27]
   |- [3, 7, 11, 15]
   |  |- [1, 2]
   |  |- [3, 4, 6]
   |  |- [7, 8, 9, 10]
   |  |- [11, 12, 13, 14]
   |  `- [15, 16]
   |- [22, 24]
   |  |- [17, 18, 20, 21]
   |  |- [22, 23]
   |  `- [24, 25, 26]
   `- [33, 36]
      |- [27, 28, 30, 31]
      |- [33, 35]
      `- [36, 38, 39]
Insert 5
`- [17, 27]
   |- [3, 7, 11, 15]
   |  |- [1, 2]
   |  |- [3, 4, 5, 6]
   |  |- [7, 8, 9, 10]
   |  |- [11, 12, 13, 14]
   |  `- [15, 16]
   |- [22, 24]
   |  |- [17, 18, 20, 21]
   |  |- [22, 23]
   |  `- [24, 25, 26]
   `- [33, 36]
      |- [27, 28, 30, 31]
      |- [33, 35]
      `- [36, 38, 39]
Insert 37
`- [17, 27]
   |- [3, 7, 11, 15]
   |  |- [1, 2]
   |  |- [3, 4, 5, 6]
   |  |- [7, 8, 9, 10]
   |  |- [11, 12, 13, 14]
   |  `- [15, 16]
   |- [22, 24]
   |  |- [17, 18, 20, 21]
   |  |- [22, 23]
   |  `- [24, 25, 26]
   `- [33, 36]
      |- [27, 28, 30, 31]
      |- [33, 35]
      `- [36, 37, 38, 39]
Insert 0
`- [17, 27]
   |- [3, 7, 11, 15]
   |  |- [0, 1, 2]
   |  |- [3, 4, 5, 6]
   |  |- [7, 8, 9, 10]
   |  |- [11, 12, 13, 14]
   |  `- [15, 16]
   |- [22, 24]
   |  |- [17, 18, 20, 21]
   |  |- [22, 23]
   |  `- [24, 25, 26]
   `- [33, 36]
      |- [27, 28, 30, 31]
      |- [33, 35]
      `- [36, 37, 38, 39]
Insert 29
`- [17, 27]
   |- [3, 7, 11, 15]
   |  |- [0, 1, 2]
   |  |- [3, 4, 5, 6]
   |  |- [7, 8, 9, 10]
   |  |- [11, 12, 13, 14]
   |  `- [15, 16]
   |- [22, 24]
   |  |- [17, 18, 20, 21]
   |  |- [22, 23]
   |  `- [24, 25, 26]
   `- [29, 33, 36]
      |- [27, 28]
      |- [29, 30, 31]
      |- [33, 35]
      `- [36, 37, 38, 39]
Insert 19
`- [17, 27]
   |- [3, 7, 11, 15]
   |  |- [0, 1, 2]
   |  |- [3, 4, 5, 6]
   |  |- [7, 8, 9, 10]
   |  |- [11, 12, 13, 14]
   |  `- [15, 16]
   |- [19, 22, 24]
   |  |- [17, 18]
   |  |- [19, 20, 21]
   |  |- [22, 23]
   |  `- [24, 25, 26]
   `- [29, 33, 36]
      |- [27, 28]
      |- [29, 30, 31]
      |- [33, 35]
      `- [36, 37, 38, 39]
Insert 32
`- [17, 27]
   |- [3, 7, 11, 15]
   |  |- [0, 1, 2]
   |  |- [3, 4, 5, 6]
   |  |- [7, 8, 9, 10]
   |  |- [11, 12, 13, 14]
   |  `- [15, 16]
   |- [19, 22, 24]
   |  |- [17, 18]
   |  |- [19, 20, 21]
   |  |- [22, 23]
   |  `- [24, 25, 26]
   `- [29, 33, 36]
      |- [27, 28]
      |- [29, 30, 31, 32]
      |- [33, 35]
      `- [36, 37, 38, 39]
Insert 34
`- [17, 27]
   |- [3, 7, 11, 15]
   |  |- [0, 1, 2]
   |  |- [3, 4, 5, 6]
   |  |- [7, 8, 9, 10]
   |  |- [11, 12, 13, 14]
   |  `- [15, 16]
   |- [19, 22, 24]
   |  |- [17, 18]
   |  |- [19, 20, 21]
   |  |- [22, 23]
   |  `- [24, 25, 26]
   `- [29, 33, 36]
      |- [27, 28]
      |- [29, 30, 31, 32]
      |- [33, 34, 35]
      `- [36, 37, 38, 39]
Delete 38
`- [17, 27]
   |- [3, 7, 11, 15]
   |  |- [0, 1, 2]
   |  |- [3, 4, 5, 6]
   |  |- [7, 8, 9, 10]
   |  |- [11, 12, 13, 14]
   |  `- [15, 16]
   |- [19, 22, 24]
   |  |- [17, 18]
   |  |- [19, 20, 21]
   |  |- [22, 23]
   |  `- [24, 25, 26]
   `- [29, 33, 36]
      |- [27, 28]
      |- [29, 30, 31, 32]
      |- [33, 34, 35]
      `- [36, 37, 39]
Delete 30
`- [17, 27]
   |- [3, 7, 11, 15]
   |  |- [0, 1, 2]
   |  |- [3, 4, 5, 6]
   |  |- [7, 8, 9, 10]
   |  |- [11, 12, 13, 14]
   |  `- [15, 16]
   |- [19, 22, 24]
   |  |- [17, 18]
   |  |- [19, 20, 21]
   |  |- [22, 23]
   |  `- [24, 25, 26]
   `- [29, 33, 36]
      |- [27, 28]
      |- [29, 31, 32]
      |- [33, 34, 35]
      `- [36, 37, 39]
Delete 8
`- [17, 27]
   |- [3, 7, 11, 15]
   |  |- [0, 1, 2]
   |  |- [3, 4, 5, 6]
   |  |- [7, 9, 10]
   |  |- [11, 12, 13, 14]
   |  `- [15, 16]
   |- [19, 22, 24]
   |  |- [17, 18]
   |  |- [19, 20, 21]
   |  |- [22, 23]
   |  `- [24, 25, 26]
   `- [29, 33, 36]
      |- [27, 28]
      |- [29, 31, 32]
      |- [33, 34, 35]
      `- [36, 37, 39]
Delete 34
`- [17, 27]
   |- [3, 7, 11, 15]
   |  |- [0, 1, 2]
   |  |- [3, 4, 5, 6]
   |  |- [7, 9, 10]
   |  |- [11, 12, 13, 14]
   |  `- [15, 16]
   |- [19, 22, 24]
   |  |- [17, 18]
   |  |- [19, 20, 21]
   |  |- [22, 23]
   |  `- [24, 25, 26]
   `- [29, 33, 36]
      |- [27, 28]
      |- [29, 31, 32]
      |- [33, 35]
      `- [36, 37, 39]
Delete 5
`- [17, 27]
   |- [3, 7, 11, 15]
   |  |- [0, 1, 2]
   |  |- [3, 4, 6]
   |  |- [7, 9, 10]
   |  |- [11, 12, 13, 14]
   |  `- [15, 16]
   |- [19, 22, 24]
   |  |- [17, 18]
   |  |- [19, 20, 21]
   |  |- [22, 23]
   |  `- [24, 25, 26]
   `- [29, 33, 36]
      |- [27, 28]
      |- [29, 31, 32]
      |- [33, 35]
      `- [36, 37, 39]
Delete 17
`- [17, 27]
   |- [3, 7, 11, 15]
   |  |- [0, 1, 2]
   |  |- [3, 4, 6]
   |  |- [7, 9, 10]
   |  |- [11, 12, 13, 14]
   |  `- [15, 16]
   |- [22, 24]
   |  |- [18, 19, 20, 21]
   |  |- [22, 23]
   |  `- [24, 25, 26]
   `- [29, 33, 36]
      |- [27, 28]
      |- [29, 31, 32]
      |- [33, 35]
      `- [36, 37, 39]
Delete 18
`- [17, 27]
   |- [3, 7, 11, 15]
   |  |- [0, 1, 2]
   |  |- [3, 4, 6]
   |  |- [7, 9, 10]
   |  |- [11, 12, 13, 14]
   |  `- [15, 16]
   |- [22, 24]
   |  |- [19, 20, 21]
   |  |- [22, 23]
   |  `- [24, 25, 26]
   `- [29, 33, 36]
      |- [27, 28]
      |- [29, 31, 32]
      |- [33, 35]
      `- [36, 37, 39]
Delete 15
`- [17, 27]
   |- [3, 7, 11, 14]
   |  |- [0, 1, 2]
   |  |- [3, 4, 6]
   |  |- [7, 9, 10]
   |  |- [11, 12, 13]
   |  `- [14, 16]
   |- [22, 24]
   |  |- [19, 20, 21]
   |  |- [22, 23]
   |  `- [24, 25, 26]
   `- [29, 33, 36]
      |- [27, 28]
      |- [29, 31, 32]
      |- [33, 35]
      `- [36, 37, 39]
Delete 10
`- [17, 27]
   |- [3, 7, 11, 14]
   |  |- [0, 1, 2]
   |  |- [3, 4, 6]
   |  |- [7, 9]
   |  |- [11, 12, 13]
   |  `- [14, 16]
   |- [22, 24]
   |  |- [19, 20, 21]
   |  |- [22, 23]
   |  `- [24, 25, 26]
   `- [29, 33, 36]
      |- [27, 28]
      |- [29, 31, 32]
      |- [33, 35]
      `- [36, 37, 39]
Delete 35
`- [17, 27]
   |- [3, 7, 11, 14]
   |  |- [0, 1, 2]
   |  |- [3, 4, 6]
   |  |- [7, 9]
   |  |- [11, 12, 13]
   |  `- [14, 16]
   |- [22, 24]
   |  |- [19, 20, 21]
   |  |- [22, 23]
   |  `- [24, 25, 26]
   `- [29, 36]
      |- [27, 28]
      |- [29, 31, 32, 33]
      `- [36, 37, 39]
Delete 33
`- [17, 27]
   |- [3, 7, 11, 14]
   |  |- [0, 1, 2]
   |  |- [3, 4, 6]
   |  |- [7, 9]
   |  |- [11, 12, 13]
   |  `- [14, 16]
   |- [22, 24]
   |  |- [19, 20, 21]
   |  |- [22, 23]
   |  `- [24, 25, 26]
   `- [29, 36]
      |- [27, 28]
      |- [29, 31, 32]
      `- [36, 37, 39]
Delete 7
`- [17, 27]
   |- [3, 11, 14]
   |  |- [0, 1, 2]
   |  |- [3, 4, 6, 9]
   |  |- [11, 12, 13]
   |  `- [14, 16]
   |- [22, 24]
   |  |- [19, 20, 21]
   |  |- [22, 23]
   |  `- [24, 25, 26]
   `- [29, 36]
      |- [27, 28]
      |- [29, 31, 32]
      `- [36, 37, 39]
Delete 6
`- [17, 27]
   |- [3, 11, 14]
   |  |- [0, 1, 2]
   |  |- [3, 4, 9]
   |  |- [11, 12, 13]
   |  `- [14, 16]
   |- [22, 24]
   |  |- [19, 20, 21]
   |  |- [22, 23]
   |  `- [24, 25, 26]
   `- [29, 36]
      |- [27, 28]
      |- [29, 31, 32]
      `- [36, 37, 39]
Delete 28
`- [17]
   |- [3, 11, 14]
   |  |- [0, 1, 2]
   |  |- [3, 4, 9]
   |  |- [11, 12, 13]
   |  `- [14, 16]
   `- [22, 24, 27, 36]
      |- [19, 20, 21]
      |- [22, 23]
      |- [24, 25, 26]
      |- [27, 29, 31, 32]
      `- [36, 37, 39]
Delete 31
`- [17]
   |- [3, 11, 14]
   |  |- [0, 1, 2]
   |  |- [3, 4, 9]
   |  |- [11, 12, 13]
   |  `- [14, 16]
   `- [22, 24, 27, 36]
      |- [19, 20, 21]
      |- [22, 23]
      |- [24, 25, 26]
      |- [27, 29, 32]
      `- [36, 37, 39]
Delete 24
`- [17]
   |- [3, 11, 14]
   |  |- [0, 1, 2]
   |  |- [3, 4, 9]
   |  |- [11, 12, 13]
   |  `- [14, 16]
   `- [22, 24, 27, 36]
      |- [19, 20, 21]
      |- [22, 23]
      |- [25, 26]
      |- [27, 29, 32]
      `- [36, 37, 39]
Delete 14
`- [17]
   |- [3, 11]
   |  |- [0, 1, 2]
   |  |- [3, 4, 9]
   |  `- [11, 12, 13, 16]
   `- [22, 24, 27, 36]
      |- [19, 20, 21]
      |- [22, 23]
      |- [25, 26]
      |- [27, 29, 32]
      `- [36, 37, 39]
Delete 26
`- [17]
   |- [3, 11]
   |  |- [0, 1, 2]
   |  |- [3, 4, 9]
   |  `- [11, 12, 13, 16]
   `- [22, 27, 36]
      |- [19, 20, 21]
      |- [22, 23, 25]
      |- [27, 29, 32]
      `- [36, 37, 39]
Delete 22
`- [17]
   |- [3, 11]
   |  |- [0, 1, 2]
   |  |- [3, 4, 9]
   |  `- [11, 12, 13, 16]
   `- [22, 27, 36]
      |- [19, 20, 21]
      |- [23, 25]
      |- [27, 29, 32]
      `- [36, 37, 39]
Delete 23
`- [17]
   |- [3, 11]
   |  |- [0, 1, 2]
   |  |- [3, 4, 9]
   |  `- [11, 12, 13, 16]
   `- [27, 36]
      |- [19, 20, 21, 25]
      |- [27, 29, 32]
      `- [36, 37, 39]
Delete 1
`- [17]
   |- [3, 11]
   |  |- [0, 2]
   |  |- [3, 4, 9]
   |  `- [11, 12, 13, 16]
   `- [27, 36]
      |- [19, 20, 21, 25]
      |- [27, 29, 32]
      `- [36, 37, 39]
Delete 2
`- [11, 17, 27, 36]
   |- [0, 3, 4, 9]
   |- [11, 12, 13, 16]
   |- [19, 20, 21, 25]
   |- [27, 29, 32]
   `- [36, 37, 39]
Delete 9
`- [11, 17, 27, 36]
   |- [0, 3, 4]
   |- [11, 12, 13, 16]
   |- [19, 20, 21, 25]
   |- [27, 29, 32]
   `- [36, 37, 39]
Delete 4
`- [11, 17, 27, 36]
   |- [0, 3]
   |- [11, 12, 13, 16]
   |- [19, 20, 21, 25]
   |- [27, 29, 32]
   `- [36, 37, 39]
Delete 16
`- [11, 17, 27, 36]
   |- [0, 3]
   |- [11, 12, 13]
   |- [19, 20, 21, 25]
   |- [27, 29, 32]
   `- [36, 37, 39]
Delete 12
`- [11, 17, 27, 36]
   |- [0, 3]
   |- [11, 13]
   |- [19, 20, 21, 25]
   |- [27, 29, 32]
   `- [36, 37, 39]
Delete 32
`- [11, 17, 27, 36]
   |- [0, 3]
   |- [11, 13]
   |- [19, 20, 21, 25]
   |- [27, 29]
   `- [36, 37, 39]
Delete 29
`- [11, 17, 25, 36]
   |- [0, 3]
   |- [11, 13]
   |- [19, 20, 21]
   |- [25, 27]
   `- [36, 37, 39]
Delete 11
`- [17, 25, 36]
   |- [0, 3, 13]
   |- [19, 20, 21]
   |- [25, 27]
   `- [36, 37, 39]
Delete 0
`- [17, 25, 36]
   |- [3, 13]
   |- [19, 20, 21]
   |- [25, 27]
   `- [36, 37, 39]
Delete 3
`- [25, 36]
   |- [13, 19, 20, 21]
   |- [25, 27]
   `- [36, 37, 39]
Delete 37
`- [25, 36]
   |- [13, 19, 20, 21]
   |- [25, 27]
   `- [36, 39]
Delete 39
`- [25]
   |- [13, 19, 20, 21]
   `- [25, 27, 36]
Delete 25
`- [25]
   |- [13, 19, 20, 21]
   `- [27, 36]
Delete 21
`- [25]
   |- [13, 19, 20]
   `- [27, 36]
Delete 13
`- [25]
   |- [19, 20]
   `- [27, 36]
Delete 27
`- [19, 20, 36]
Delete 20
`- [19, 36]
Delete 36
`- [19]