Insert 0
`- [0]
Insert 17
`- [0, 17]
Insert 6
`- [0, 6, 17]
Insert 18
`- [0, 6, 17, 18]
Insert 11
`- [11]
   |- [0, 6]
   `- [11, 17, 18]
Insert 1
`- [11]
   |- [0, 1, 6]
   `- [11, 17, 18]
Insert 3
`- [11]
   |- [0, 1, 3, 6]
   `- [11, 17, 18]
Insert 16
`- [11]
   |- [0, 1, 3, 6]
   `- [11, 16, 17, 18]
Insert 9
`- [3, 11]
   |- [0, 1]
   |- [3, 6, 9]
   `- [11, 16, 17, 18]
Insert 5
`- [3, 11]
   |- [0, 1]
   |- [3, 5, 6, 9]
   `- [11, 16, 17, 18]
Insert 2
`- [3, 11]
   |- [0, 1, 2]
   |- [3, 5, 6, 9]
   `- [11, 16, 17, 18]
Insert 13
`- [3, 11, 16]
   |- [0, 1, 2]
   |- [3, 5, 6, 9]
   |- [11, 13]
   `- [16, 17, 18]
Insert 19
`- [3, 11, 16]
   |- [0, 1, 2]
   |- [3, 5, 6, 9]
   |- [11, 13]
   `- [16, 17, 18, 19]
Insert 8
`- [3, 6, 11, 16]
   |- [0, 1, 2]
   |- [3, 5]
   |- [6, 8, 9]
   |- [11, 13]
   `- [16, 17, 18, 19]
Insert 15
`- [3, 6, 11, 16]
   |- [0, 1, 2]
   |- [3, 5]
   |- [6, 8, 9]
   |- [11, 13, 15]
   `- [16, 17, 18, 19]
Insert 10
`- [3, 6, 11, 16]
   |- [0, 1, 2]
   |- [3, 5]
   |- [6, 8, 9, 10]
   |- [11, 13, 15]
   `- [16, 17, 18, 19]
Insert 14
`- [3, 6, 11, 16]
   |- [0, 1, 2]
   |- [3, 5]
   |- [6, 8, 9, 10]
   |- [11, 13, 14, 15]
   `- [16, 17, 18, 19]
Insert 12
`- [11]
   |- [3, 6]
   |  |- [0, 1, 2]
   |  |- [3, 5]
   |  `- [6, 8, 9, 10]
   `- [13, 16]
      |- [11, 12]
      |- [13, 14, 15]
      `- [16, 17, 18, 19]
Insert 7
`- [11]
   |- [3, 6, 8]
   |  |- [0, 1, 2]
   |  |- [3, 5]
   |  |- [6, 7]
   |  `- [8, 9, 10]
   `- [13, 16]
      |- [11, 12]
      |- [13, 14, 15]
      `- [16, 17, 18, 19]
Insert 4
`- [11]
   |- [3, 6, 8]
   |  |- [0, 1, 2]
   |  |- [3, 4, 5]
   |  |- [6, 7]
   |  `- [8, 9, 10]
   `- [13, 16]
      |- [11, 12]
      |- [13, 14, 15]
      `- [16, 17, 18, 19]