Insert 42
`- [42]
Insert 29
`- [29, 42]
Insert 49
`- [29, 42, 49]
Insert 24
`- [24, 29, 42, 49]
Insert 20
`- [29]
   |- [20, 24]
   `- [29, 42, 49]
Insert 11
`- [29]
   |- [11, 20, 24]
   `- [29, 42, 49]
Insert 43
`- [29]
   |- [11, 20, 24]
   `- [29, 42, 43, 49]
Insert 19
`- [29]
   |- [11, 19, 20, 24]
   `- [29, 42, 43, 49]
Insert 13
`- [19, 29]
   |- [11, 13]
   |- [19, 20, 24]
   `- [29, 42, 43, 49]
Insert 44
`- [19, 29, 43]
   |- [11, 13]
   |- [19, 20, 24]
   |- [29, 42]
   `- [43, 44, 49]
Insert 1
`- [19, 29, 43]
   |- [1, 11, 13]
   |- [19, 20, 24]
   |- [29, 42]
   `- [43, 44, 49]
Insert 39
`- [19, 29, 43]
   |- [1, 11, 13]
   |- [19, 20, 24]
   |- [29, 39, 42]
   `- [43, 44, 49]
Insert 30
`- [19, 29, 43]
   |- [1, 11, 13]
   |- [19, 20, 24]
   |- [29, 30, 39, 42]
   `- [43, 44, 49]
Insert 18
`- [19, 29, 43]
   |- [1, 11, 13, 18]
   |- [19, 20, 24]
   |- [29, 30, 39, 42]
   `- [43, 44, 49]
Insert 33
`- [19, 29, 33, 43]
   |- [1, 11, 13, 18]
   |- [19, 20, 24]
   |- [29, 30]
   |- [33, 39, 42]
   `- [43, 44, 49]
Insert 0
`- [29]
   |- [11, 19]
   |  |- [0, 1]
   |  |- [11, 13, 18]
   |  `- [19, 20, 24]
   `- [33, 43]
      |- [29, 30]
      |- [33, 39, 42]
      `- [43, 44, 49]
Insert 28
`- [29]
   |- [11, 19]
   |  |- [0, 1]
   |  |- [11, 13, 18]
   |  `- [19, 20, 24, 28]
   `- [33, 43]
      |- [29, 30]
      |- [33, 39, 42]
      `- [43, 44, 49]
Insert 48
`- [29]
   |- [11, 19]
   |  |- [0, 1]
   |  |- [11, 13, 18]
   |  `- [19, 20, 24, 28]
   `- [33, 43]
      |- [29, 30]
      |- [33, 39, 42]
      `- [43, 44, 48, 49]
Insert 23
`- [29]
   |- [11, 19, 23]
   |  |- [0, 1]
   |  |- [11, 13, 18]
   |  |- [19, 20]
   |  `- [23, 24, 28]
   `- [33, 43]
      |- [29, 30]
      |- [33, 39, 42]
      `- [43, 44, 48, 49]
Insert 35
`- [29]
   |- [11, 19, 23]
   |  |- [0, 1]
   |  |- [11, 13, 18]
   |  |- [19, 20]
   |  `- [23, 24, 28]
   `- [33, 43]
      |- [29, 30]
      |- [33, 35, 39, 42]
      `- [43, 44, 48, 49]
Insert 6
`- [29]
   |- [11, 19, 23]
   |  |- [0, 1, 6]
   |  |- [11, 13, 18]
   |  |- [19, 20]
   |  `- [23, 24, 28]
   `- [33, 43]
      |- [29, 30]
      |- [33, 35, 39, 42]
      `- [43, 44, 48, 49]
Insert 17
`- [29]
   |- [11, 19, 23]
   |  |- [0, 1, 6]
   |  |- [11, 13, 17, 18]
   |  |- [19, 20]
   |  `- [23, 24, 28]
   `- [33, 43]
      |- [29, 30]
      |- [33, 35, 39, 42]
      `- [43, 44, 48, 49]
Insert 40
`- [29]
   |- [11, 19, 23]
   |  |- [0, 1, 6]
   |  |- [11, 13, 17, 18]
   |  |- [19, 20]
   |  `- [23, 24, 28]
   `- [33, 39, 43]
      |- [29, 30]
      |- [33, 35]
      |- [39, 40, 42]
      `- [43, 44, 48, 49]
Insert 22
`- [29]
   |- [11, 19, 23]
   |  |- [0, 1, 6]
   |  |- [11, 13, 17, 18]
   |  |- [19, 20, 22]
   |  `- [23, 24, 28]
   `- [33, 39, 43]
      |- [29, 30]
      |- [33, 35]
      |- [39, 40, 42]
      `- [43, 44, 48, 49]
Insert 5
`- [29]
   |- [11, 19, 23]
   |  |- [0, 1, 5, 6]
   |  |- [11, 13, 17, 18]
   |  |- [19, 20, 22]
   |  `- [23, 24, 28]
   `- [33, 39, 43]
      |- [29, 30]
      |- [33, 35]
      |- [39, 40, 42]
      `- [43, 44, 48, 49]
Insert 27
`- [29]
   |- [11, 19, 23]
   |  |- [0, 1, 5, 6]
   |  |- [11, 13, 17, 18]
   |  |- [19, 20, 22]
   |  `- [23, 24, 27, 28]
   `- [33, 39, 43]
      |- [29, 30]
      |- [33, 35]
      |- [39, 40, 42]
      `- [43, 44, 48, 49]
Insert 31
`- [29]
   |- [11, 19, 23]
   |  |- [0, 1, 5, 6]
   |  |- [11, 13, 17, 18]
   |  |- [19, 20, 22]
   |  `- [23, 24, 27, 28]
   `- [33, 39, 43]
      |- [29, 30, 31]
      |- [33, 35]
      |- [39, 40, 42]
      `- [43, 44, 48, 49]
Insert 7
`- [29]
   |- [5, 11, 19, 23]
   |  |- [0, 1]
   |  |- [5, 6, 7]
   |  |- [11, 13, 17, 18]
   |  |- [19, 20, 22]
   |  `- [23, 24, 27, 28]
   `- [33, 39, 43]
      |- [29, 30, 31]
      |- [33, 35]
      |- [39, 40, 42]
      `- [43, 44, 48, 49]
Insert 45
`- [29]
   |- [5, 11, 19, 23]
   |  |- [0, 1]
   |  |- [5, 6, 7]
   |  |- [11, 13, 17, 18]
   |  |- [19, 20, 22]
   |  `- [23, 24, 27, 28]
   `- [33, 39, 43, 45]
      |- [29, 30, 31]
      |- [33, 35]
      |- [39, 40, 42]
      |- [43, 44]
      `- [45, 48, 49]
Insert 34
`- [29]
   |- [5, 11, 19, 23]
   |  |- [0, 1]
   |  |- [5, 6, 7]
   |  |- [11, 13, 17, 18]
   |  |- [19, 20, 22]
   |  `- [23, 24, 27, 28]
   `- [33, 39, 43, 45]
      |- [29, 30, 31]
      |- [33, 34, 35]
      |- [39, 40, 42]
      |- [43, 44]
      `- [45, 48, 49]
Insert 25
`- [19, 29]
   |- [5, 11]
   |  |- [0, 1]
   |  |- [5, 6, 7]
   |  `- [11, 13, 17, 18]
   |- [23, 25]
   |  |- [19, 20, 22]
   |  |- [23, 24]
   |  `- [25, 27, 28]
   `- [33, 39, 43, 45]
      |- [29, 30, 31]
      |- [33, 34, 35]
      |- [39, 40, 42]
      |- [43, 44]
      `- [45, 48, 49]
Insert 2
`- [19, 29]
   |- [5, 11]
   |  |- [0, 1, 2]
   |  |- [5, 6, 7]
   |  `- [11, 13, 17, 18]
   |- [23, 25]
   |  |- [19, 20, 22]
   |  |- [23, 24]
   |  `- [25, 27, 28]
   `- [33, 39, 43, 45]
      |- [29, 30, 31]
      |- [33, 34, 35]
      |- [39, 40, 42]
      |- [43, 44]
      `- [45, 48, 49]
Insert 10
`- [19, 29]
   |- [5, 11]
   |  |- [0, 1, 2]
   |  |- [5, 6, 7, 10]
   |  `- [11, 13, 17, 18]
   |- [23, 25]
   |  |- [19, 20, 22]
   |  |- [23, 24]
   |  `- [25, 27, 28]
   `- [33, 39, 43, 45]
      |- [29, 30, 31]
      |- [33, 34, 35]
      |- [39, 40, 42]
      |- [43, 44]
      `- [45, 48, 49]
Insert 3
`- [19, 29]
   |- [5, 11]
   |  |- [0, 1, 2, 3]
   |  |- [5, 6, 7, 10]
   |  `- [11, 13, 17, 18]
   |- [23, 25]
   |  |- [19, 20, 22]
   |  |- [23, 24]
   |  `- [25, 27, 28]
   `- [33, 39, 43, 45]
      |- [29, 30, 31]
      |- [33, 34, 35]
      |- [39, 40, 42]
      |- [43, 44]
      `- [45, 48, 49]
Insert 16
`- [19, 29]
   |- [5, 11, 16]
   |  |- [0, 1, 2, 3]
   |  |- [5, 6, 7, 10]
   |  |- [11, 13]
   |  `- [16, 17, 18]
   |- [23, 25]
   |  |- [19, 20, 22]
   |  |- [23, 24]
   |  `- [25, 27, 28]
   `- [33, 39, 43, 45]
      |- [29, 30, 31]
      |- [33, 34, 35]
      |- [39, 40, 42]
      |- [43, 44]
      `- [45, 48, 49]
Insert 21
`- [19, 29]
   |- [5, 11, 16]
   |  |- [0, 1, 2, 3]
   |  |- [5, 6, 7, 10]
   |  |- [11, 13]
   |  `- [16, 17, 18]
   |- [23, 25]
   |  |- [19, 20, 21, 22]
   |  |- [23, 24]
   |  `- [25, 27, 28]
   `- [33, 39, 43, 45]
      |- [29, 30, 31]
      |- [33, 34, 35]
      |- [39, 40, 42]
      |- [43, 44]
      `- [45, 48, 49]
Insert 8
`- [19, 29]
   |- [5, 7, 11, 16]
   |  |- [0, 1, 2, 3]
   |  |- [5, 6]
   |  |- [7, 8, 10]
   |  |- [11, 13]
   |  `- [16, 17, 18]
   |- [23, 25]
   |  |- [19, 20, 21, 22]
   |  |- [23, 24]
   |  `- [25, 27, 28]
   `- [33, 39, 43, 45]
      |- [29, 30, 31]
      |- [33, 34, 35]
      |- [39, 40, 42]
      |- [43, 44]
      `- [45, 48, 49]
Insert 32
`- [19, 29]
   |- [5, 7, 11, 16]
   |  |- [0, 1, 2, 3]
   |  |- [5, 6]
   |  |- [7, 8, 10]
   |  |- [11, 13]
   |  `- [16, 17, 18]
   |- [23, 25]
   |  |- [19, 20, 21, 22]
   |  |- [23, 24]
   |  `- [25, 27, 28]
   `- [33, 39, 43, 45]
      |- [29, 30, 31, 32]
      |- [33, 34, 35]
      |- [39, 40, 42]
      |- [43, 44]
      `- [45, 48, 49]
Insert 14
`- [19, 29]
   |- [5, 7, 11, 16]
   |  |- [0, 1, 2, 3]
   |  |- [5, 6]
   |  |- [7, 8, 10]
   |  |- [11, 13, 14]
   |  `- [16, 17, 18]
   |- [23, 25]
   |  |- [19, 20, 21, 22]
   |  |- [23, 24]
   |  `- [25, 27, 28]
   `- [33, 39, 43, 45]
      |- [29, 30, 31, 32]
      |- [33, 34, 35]
      |- [39, 40, 42]
      |- [43, 44]
      `- [45, 48, 49]
Insert 12
`- [19, 29]
   |- [5, 7, 11, 16]
   |  |- [0, 1, 2, 3]
   |  |- [5, 6]
   |  |- [7, 8, 10]
   |  |- [11, 12, 13, 14]
   |  `- [16, 17, 18]
   |- [23, 25]
   |  |- [19, 20, 21, 22]
   |  |- [23, 24]
   |  `- [25, 27, 28]
   `- [33, 39, 43, 45]
      |- [29, 30, 31, 32]
      |- [33, 34, 35]
      |- [39, 40, 42]
      |- [43, 44]
      `- [45, 48, 49]
Insert 37
`- [19, 29]
   |- [5, 7, 11, 16]
   |  |- [0, 1, 2, 3]
   |  |- [5, 6]
   |  |- [7, 8, 10]
   |  |- [11, 12, 13, 14]
   |  `- [16, 17, 18]
   |- [23, 25]
   |  |- [19, 20, 21, 22]
   |  |- [23, 24]
   |  `- [25, 27, 28]
   `- [33, 39, 43, 45]
      |- [29, 30, 31, 32]
      |- [33, 34, 35, 37]
      |- [39, 40, 42]
      |- [43, 44]
      `- [45, 48, 49]
Insert 15
`- [11, 19, 29]
   |- [5, 7]
   |  |- [0, 1, 2, 3]
   |  |- [5, 6]
   |  `- [7, 8, 10]
   |- [13, 16]
   |  |- [11, 12]
   |  |- [13, 14, 15]
   |  `- [16, 17, 18]
   |- [23, 25]
   |  |- [19, 20, 21, 22]
   |  |- [23, 24]
   |  `- [25, 27, 28]
   `- [33, 39, 43, 45]
      |- [29, 30, 31, 32]
      |- [33, 34, 35, 37]
      |- [39, 40, 42]
      |- [43, 44]
      `- [45, 48, 49]
Insert 38
`- [11, 19, 29, 39]
   |- [5, 7]
   |  |- [0, 1, 2, 3]
   |  |- [5, 6]
   |  `- [7, 8, 10]
   |- [13, 16]
   |  |- [11, 12]
   |  |- [13, 14, 15]
   |  `- [16, 17, 18]
   |- [23, 25]
   |  |- [19, 20, 21, 22]
   |  |- [23, 24]
   |  `- [25, 27, 28]
   |- [33, 35]
   |  |- [29, 30, 31, 32]
   |  |- [33, 34]
   |  `- [35, 37, 38]
   `- [43, 45]
      |- [39, 40, 42]
      |- [43, 44]
      `- [45, 48, 49]
Insert 47
`- [11, 19, 29, 39]
   |- [5, 7]
   |  |- [0, 1, 2, 3]
   |  |- [5, 6]
   |  `- [7, 8, 10]
   |- [13, 16]
   |  |- [11, 12]
   |  |- [13, 14, 15]
   |  `- [16, 17, 18]
   |- [23, 25]
   |  |- [19, 20, 21, 22]
   |  |- [23, 24]
   |  `- [25, 27, 28]
   |- [33, 35]
   |  |- [29, 30, 31, 32]
   |  |- [33, 34]
   |  `- [35, 37, 38]
   `- [43, 45]
      |- [39, 40, 42]
      |- [43, 44]
      `- [45, 47, 48, 49]
Insert 36
`- [11, 19, 29, 39]
   |- [5, 7]
   |  |- [0, 1, 2, 3]
   |  |- [5, 6]
   |  `- [7, 8, 10]
   |- [13, 16]
   |  |- [11, 12]
   |  |- [13, 14, 15]
   |  `- [16, 17, 18]
   |- [23, 25]
   |  |- [19, 20, 21, 22]
   |  |- [23, 24]
   |  `- [25, 27, 28]
   |- [33, 35]
   |  |- [29, 30, 31, 32]
   |  |- [33, 34]
   |  `- [35, 36, 37, 38]
   `- [43, 45]
      |- [39, 40, 42]
      |- [43, 44]
      `- [45, 47, 48, 49]
Insert 46
`- [11, 19, 29, 39]
   |- [5, 7]
   |  |- [0, 1, 2, 3]
   |  |- [5, 6]
   |  `- [7, 8, 10]
   |- [13, 16]
   |  |- [11, 12]
   |  |- [13, 14, 15]
   |  `- [16, 17, 18]
   |- [23, 25]
   |  |- [19, 20, 21, 22]
   |  |- [23, 24]
   |  `- [25, 27, 28]
   |- [33, 35]
   |  |- [29, 30, 31, 32]
   |  |- [33, 34]
   |  `- [35, 36, 37, 38]
   `- [43, 45, 47]
      |- [39, 40, 42]
      |- [43, 44]
      |- [45, 46]
      `- [47, 48, 49]
Insert 41
`- [11, 19, 29, 39]
   |- [5, 7]
   |  |- [0, 1, 2, 3]
   |  |- [5, 6]
   |  `- [7, 8, 10]
   |- [13, 16]
   |  |- [11, 12]
   |  |- [13, 14, 15]
   |  `- [16, 17, 18]
   |- [23, 25]
   |  |- [19, 20, 21, 22]
   |  |- [23, 24]
   |  `- [25, 27, 28]
   |- [33, 35]
   |  |- [29, 30, 31, 32]
   |  |- [33, 34]
   |  `- [35, 36, 37, 38]
   `- [43, 45, 47]
      |- [39, 40, 41, 42]
      |- [43, 44]
      |- [45, 46]
      `- [47, 48, 49]
Insert 26
`- [11, 19, 29, 39]
   |- [5, 7]
   |  |- [0, 1, 2, 3]
   |  |- [5, 6]
   |  `- [7, 8, 10]
   |- [13, 16]
   |  |- [11, 12]
   |  |- [13, 14, 15]
   |  `- [16, 17, 18]
   |- [23, 25]
   |  |- [19, 20, 21, 22]
   |  |- [23, 24]
   |  `- [25, 26, 27, 28]
   |- [33, 35]
   |  |- [29, 30, 31, 32]
   |  |- [33, 34]
   |  `- [35, 36, 37, 38]
   `- [43, 45, 47]
      |- [39, 40, 41, 42]
      |- [43, 44]
      |- [45, 46]
      `- [47, 48, 49]
Insert 4
`- [11, 19, 29, 39]
   |- [2, 5, 7]
   |  |- [0, 1]
   |  |- [2, 3, 4]
   |  |- [5, 6]
   |  `- [7, 8, 10]
   |- [13, 16]
   |  |- [11, 12]
   |  |- [13, 14, 15]
   |  `- [16, 17, 18]
   |- [23, 25]
   |  |- [19, 20, 21, 22]
   |  |- [23, 24]
   |  `- [25, 26, 27, 28]
   |- [33, 35]
   |  |- [29, 30, 31, 32]
   |  |- [33, 34]
   |  `- [35, 36, 37, 38]
   `- [43, 45, 47]
      |- [39, 40, 41, 42]
      |- [43, 44]
      |- [45, 46]
      `- [47, 48, 49]
Insert 9
`- [11, 19, 29, 39]
   |- [2, 5, 7]
   |  |- [0, 1]
   |  |- [2, 3, 4]
   |  |- [5, 6]
   |  `- [7, 8, 9, 10]
   |- [13, 16]
   |  |- [11, 12]
   |  |- [13, 14, 15]
   |  `- [16, 17, 18]
   |- [23, 25]
   |  |- [19, 20, 21, 22]
   |  |- [23, 24]
   |  `- [25, 26, 27, 28]
   |- [33, 35]
   |  |- [29, 30, 31, 32]
   |  |- [33, 34]
   |  `- [35, 36, 37, 38]
   `- [43, 45, 47]
      |- [39, 40, 41, 42]
      |- [43, 44]
      |- [45, 46]
      `- [47, 48, 49]